Scheme,Process number,Number of processes,Number of threads,Time per process,DeltaX,DeltaY,DeltaT,s,r_threshold
1,2,14,1,714.115037,5714.000000,25000.000000,0.050000,0,0.010000
1,10,14,1,714.121232,5714.000000,25000.000000,0.050000,0,0.010000
1,11,14,1,714.121066,5714.000000,25000.000000,0.050000,0,0.010000
1,13,14,1,714.125885,5714.000000,25000.000000,0.050000,0,0.010000
1,12,14,1,714.131124,5714.000000,25000.000000,0.050000,0,0.010000
1,3,14,1,714.130818,5714.000000,25000.000000,0.050000,0,0.010000
1,4,14,1,714.134961,5714.000000,25000.000000,0.050000,0,0.010000
1,7,14,1,714.135181,5714.000000,25000.000000,0.050000,0,0.010000
1,6,14,1,714.135719,5714.000000,25000.000000,0.050000,0,0.010000
1,9,14,1,714.136397,5714.000000,25000.000000,0.050000,0,0.010000
1,5,14,1,714.136667,5714.000000,25000.000000,0.050000,0,0.010000
1,8,14,1,714.136658,5714.000000,25000.000000,0.050000,0,0.010000
