Scheme,Process number,Number of processes,Number of threads,Time per process,DeltaX,DeltaY,DeltaT,s,r_threshold
1,0,12,1,614.797140,6666.000000,25000.000000,0.050000,0,0.010000
1,2,12,1,614.801199,6666.000000,25000.000000,0.050000,0,0.010000
1,1,12,1,614.801440,6666.000000,25000.000000,0.050000,0,0.010000
1,8,12,1,614.801088,6666.000000,25000.000000,0.050000,0,0.010000
1,10,12,1,614.801666,6666.000000,25000.000000,0.050000,0,0.010000
1,5,12,1,614.801626,6666.000000,25000.000000,0.050000,0,0.010000
1,3,12,1,614.807792,6666.000000,25000.000000,0.050000,0,0.010000
1,9,12,1,614.808054,6666.000000,25000.000000,0.050000,0,0.010000
1,7,12,1,614.808403,6666.000000,25000.000000,0.050000,0,0.010000
1,6,12,1,614.808897,6666.000000,25000.000000,0.050000,0,0.010000
1,4,12,1,614.808881,6666.000000,25000.000000,0.050000,0,0.010000
