Scheme,Process number,Number of processes,Number of threads,Time per process,DeltaX,DeltaY,DeltaT,s,r_threshold
1,0,10,1,518.095075,8000.000000,25000.000000,0.050000,0,0.010000
1,1,10,1,518.096027,8000.000000,25000.000000,0.050000,0,0.010000
1,7,10,1,518.099051,8000.000000,25000.000000,0.050000,0,0.010000
1,8,10,1,518.099044,8000.000000,25000.000000,0.050000,0,0.010000
1,4,10,1,518.103116,8000.000000,25000.000000,0.050000,0,0.010000
1,9,10,1,518.103084,8000.000000,25000.000000,0.050000,0,0.010000
1,6,10,1,518.103328,8000.000000,25000.000000,0.050000,0,0.010000
1,2,10,1,518.103519,8000.000000,25000.000000,0.050000,0,0.010000
1,5,10,1,518.103549,8000.000000,25000.000000,0.050000,0,0.010000
1,3,10,1,518.103766,8000.000000,25000.000000,0.050000,0,0.010000
