Scheme,Process number,Number of processes,Number of threads,Time per process,DeltaX,DeltaY,DeltaT,s,r_threshold
1,14,16,1,818.410804,5000.000000,25000.000000,0.050000,0,0.010000
1,13,16,1,818.411587,5000.000000,25000.000000,0.050000,0,0.010000
1,2,16,1,818.416746,5000.000000,25000.000000,0.050000,0,0.010000
1,0,16,1,818.422360,5000.000000,25000.000000,0.050000,0,0.010000
1,4,16,1,818.422702,5000.000000,25000.000000,0.050000,0,0.010000
1,8,16,1,818.422804,5000.000000,25000.000000,0.050000,0,0.010000
1,3,16,1,818.426248,5000.000000,25000.000000,0.050000,0,0.010000
1,9,16,1,818.426413,5000.000000,25000.000000,0.050000,0,0.010000
1,1,16,1,818.426576,5000.000000,25000.000000,0.050000,0,0.010000
1,10,16,1,818.426973,5000.000000,25000.000000,0.050000,0,0.010000
1,6,16,1,818.427176,5000.000000,25000.000000,0.050000,0,0.010000
1,7,16,1,818.427519,5000.000000,25000.000000,0.050000,0,0.010000
1,5,16,1,818.427886,5000.000000,25000.000000,0.050000,0,0.010000
1,11,16,1,818.428099,5000.000000,25000.000000,0.050000,0,0.010000
