Scheme,Process number,Number of processes,Number of threads,Time per process,DeltaX,DeltaY,DeltaT,s,r_threshold
1,0,16,1,818.888527,5000.000000,25000.000000,0.050000,0,0.010000
1,3,16,1,818.888424,5000.000000,25000.000000,0.050000,0,0.010000
1,1,16,1,818.888670,5000.000000,25000.000000,0.050000,0,0.010000
1,2,16,1,818.888612,5000.000000,25000.000000,0.050000,0,0.010000
1,5,16,1,818.888071,5000.000000,25000.000000,0.050000,0,0.010000
1,12,16,1,818.887947,5000.000000,25000.000000,0.050000,0,0.010000
1,6,16,1,818.888044,5000.000000,25000.000000,0.050000,0,0.010000
1,9,16,1,818.887777,5000.000000,25000.000000,0.050000,0,0.010000
1,13,16,1,818.887886,5000.000000,25000.000000,0.050000,0,0.010000
1,7,16,1,818.888037,5000.000000,25000.000000,0.050000,0,0.010000
1,14,16,1,818.887843,5000.000000,25000.000000,0.050000,0,0.010000
1,4,16,1,818.888086,5000.000000,25000.000000,0.050000,0,0.010000
1,10,16,1,818.887774,5000.000000,25000.000000,0.050000,0,0.010000
1,11,16,1,818.888118,5000.000000,25000.000000,0.050000,0,0.010000
1,15,16,1,818.887806,5000.000000,25000.000000,0.050000,0,0.010000
1,8,16,1,818.888121,5000.000000,25000.000000,0.050000,0,0.010000
