Scheme,Process number,Number of processes,Number of threads,Time per process,DeltaX,DeltaY,DeltaT,s,r_threshold
1,1,10,1,509.775956,8000.000000,25000.000000,0.050000,0,1.000000
1,0,10,1,509.776410,8000.000000,25000.000000,0.050000,0,1.000000
1,4,10,1,509.786004,8000.000000,25000.000000,0.050000,0,1.000000
1,7,10,1,509.785728,8000.000000,25000.000000,0.050000,0,1.000000
1,9,10,1,509.786083,8000.000000,25000.000000,0.050000,0,1.000000
1,8,10,1,509.786418,8000.000000,25000.000000,0.050000,0,1.000000
1,6,10,1,509.786697,8000.000000,25000.000000,0.050000,0,1.000000
1,2,10,1,509.786989,8000.000000,25000.000000,0.050000,0,1.000000
1,5,10,1,509.787162,8000.000000,25000.000000,0.050000,0,1.000000
1,3,10,1,509.787314,8000.000000,25000.000000,0.050000,0,1.000000
