Scheme,Process number,Number of processes,Number of threads,Time per process,DeltaX,DeltaY,DeltaT,s,r_threshold
1,0,12,1,622.278692,6666.000000,25000.000000,0.050000,0,0.010000
1,1,12,1,622.278149,6666.000000,25000.000000,0.050000,0,0.010000
1,2,12,1,622.278248,6666.000000,25000.000000,0.050000,0,0.010000
1,6,12,1,622.278469,6666.000000,25000.000000,0.050000,0,0.010000
1,3,12,1,622.278349,6666.000000,25000.000000,0.050000,0,0.010000
1,7,12,1,622.278338,6666.000000,25000.000000,0.050000,0,0.010000
1,4,12,1,622.278312,6666.000000,25000.000000,0.050000,0,0.010000
1,9,12,1,622.278497,6666.000000,25000.000000,0.050000,0,0.010000
1,5,12,1,622.278404,6666.000000,25000.000000,0.050000,0,0.010000
1,10,12,1,622.278506,6666.000000,25000.000000,0.050000,0,0.010000
1,11,12,1,622.278476,6666.000000,25000.000000,0.050000,0,0.010000
1,8,12,1,622.278255,6666.000000,25000.000000,0.050000,0,0.010000
