Scheme,Process number,Number of processes,Number of threads,Time per process,DeltaX,DeltaY,DeltaT,s,r_threshold
1,1,14,1,721.517967,5714.000000,25000.000000,0.050000,0,0.010000
1,2,14,1,721.517960,5714.000000,25000.000000,0.050000,0,0.010000
1,3,14,1,721.517882,5714.000000,25000.000000,0.050000,0,0.010000
1,0,14,1,721.517960,5714.000000,25000.000000,0.050000,0,0.010000
1,9,14,1,721.517954,5714.000000,25000.000000,0.050000,0,0.010000
1,12,14,1,721.517850,5714.000000,25000.000000,0.050000,0,0.010000
1,4,14,1,721.518070,5714.000000,25000.000000,0.050000,0,0.010000
1,10,14,1,721.517879,5714.000000,25000.000000,0.050000,0,0.010000
1,13,14,1,721.517740,5714.000000,25000.000000,0.050000,0,0.010000
1,5,14,1,721.518062,5714.000000,25000.000000,0.050000,0,0.010000
1,6,14,1,721.518110,5714.000000,25000.000000,0.050000,0,0.010000
1,11,14,1,721.518015,5714.000000,25000.000000,0.050000,0,0.010000
1,8,14,1,721.518049,5714.000000,25000.000000,0.050000,0,0.010000
1,7,14,1,721.518107,5714.000000,25000.000000,0.050000,0,0.010000
