Scheme,Process number,Number of processes,Number of threads,Time per process,DeltaX,DeltaY,DeltaT,s,r_threshold
0,0,16,4,21.476007,2000.000000,2000.000000,0.050000,0,0.000000
0,1,16,4,21.476395,2000.000000,2000.000000,0.050000,0,0.000000
0,2,16,4,21.476551,2000.000000,2000.000000,0.050000,0,0.000000
0,3,16,4,21.476889,2000.000000,2000.000000,0.050000,0,0.000000
0,4,16,4,21.477190,2000.000000,2000.000000,0.050000,0,0.000000
0,5,16,4,21.477231,2000.000000,2000.000000,0.050000,0,0.000000
0,6,16,4,21.477427,2000.000000,2000.000000,0.050000,0,0.000000
0,7,16,4,21.477572,2000.000000,2000.000000,0.050000,0,0.000000
0,8,16,4,21.477755,2000.000000,2000.000000,0.050000,0,0.000000
0,9,16,4,21.477955,2000.000000,2000.000000,0.050000,0,0.000000
0,10,16,4,21.478026,2000.000000,2000.000000,0.050000,0,0.000000
0,11,16,4,21.478178,2000.000000,2000.000000,0.050000,0,0.000000
0,12,16,4,21.478212,2000.000000,2000.000000,0.050000,0,0.000000
0,13,16,4,21.478136,2000.000000,2000.000000,0.050000,0,0.000000
0,15,16,4,21.478293,2000.000000,2000.000000,0.050000,0,0.000000
0,14,16,4,21.478506,2000.000000,2000.000000,0.050000,0,0.000000
