Scheme,Process number,Number of processes,Number of threads,Time per process,DeltaX,DeltaY,DeltaT,s,r_threshold
0,0,16,1,23.592462,2000.000000,2000.000000,0.050000,0,0.000000
0,11,16,1,23.592556,2000.000000,2000.000000,0.050000,0,0.000000
0,1,16,1,23.592813,2000.000000,2000.000000,0.050000,0,0.000000
0,6,16,1,23.592924,2000.000000,2000.000000,0.050000,0,0.000000
0,7,16,1,23.592860,2000.000000,2000.000000,0.050000,0,0.000000
0,8,16,1,23.592777,2000.000000,2000.000000,0.050000,0,0.000000
0,9,16,1,23.592703,2000.000000,2000.000000,0.050000,0,0.000000
0,10,16,1,23.592612,2000.000000,2000.000000,0.050000,0,0.000000
0,5,16,1,23.593012,2000.000000,2000.000000,0.050000,0,0.000000
0,2,16,1,23.593021,2000.000000,2000.000000,0.050000,0,0.000000
0,3,16,1,23.593214,2000.000000,2000.000000,0.050000,0,0.000000
0,4,16,1,23.593186,2000.000000,2000.000000,0.050000,0,0.000000
0,14,16,1,23.591992,2000.000000,2000.000000,0.050000,0,0.000000
0,15,16,1,23.592168,2000.000000,2000.000000,0.050000,0,0.000000
0,13,16,1,23.592228,2000.000000,2000.000000,0.050000,0,0.000000
0,12,16,1,23.592362,2000.000000,2000.000000,0.050000,0,0.000000
