Scheme,Process number,Number of processes,Number of threads,Time per process,DeltaX,DeltaY,DeltaT,s,r_threshold
0,0,10,2,47.885623,2000.000000,2000.000000,0.050000,0,0.000000
0,2,10,2,47.885597,2000.000000,2000.000000,0.050000,0,0.000000
0,7,10,2,47.885672,2000.000000,2000.000000,0.050000,0,0.000000
0,8,10,2,47.885641,2000.000000,2000.000000,0.050000,0,0.000000
0,9,10,2,47.885598,2000.000000,2000.000000,0.050000,0,0.000000
0,3,10,2,47.885361,2000.000000,2000.000000,0.050000,0,0.000000
0,6,10,2,47.885737,2000.000000,2000.000000,0.050000,0,0.000000
0,5,10,2,47.885494,2000.000000,2000.000000,0.050000,0,0.000000
0,4,10,2,47.885867,2000.000000,2000.000000,0.050000,0,0.000000
0,1,10,2,47.885654,2000.000000,2000.000000,0.050000,0,0.000000
