Scheme,Process number,Number of processes,Number of threads,Time per process,DeltaX,DeltaY,DeltaT,s,r_threshold
0,11,12,1,67.294434,2000.000000,2000.000000,0.050000,0,0.000000
0,10,12,1,67.294986,2000.000000,2000.000000,0.050000,0,0.000000
0,9,12,1,67.294919,2000.000000,2000.000000,0.050000,0,0.000000
0,5,12,1,67.294938,2000.000000,2000.000000,0.050000,0,0.000000
0,4,12,1,67.295581,2000.000000,2000.000000,0.050000,0,0.000000
0,6,12,1,67.295353,2000.000000,2000.000000,0.050000,0,0.000000
0,8,12,1,67.295597,2000.000000,2000.000000,0.050000,0,0.000000
0,7,12,1,67.295084,2000.000000,2000.000000,0.050000,0,0.000000
0,3,12,1,67.295879,2000.000000,2000.000000,0.050000,0,0.000000
0,0,12,1,67.296922,2000.000000,2000.000000,0.050000,0,0.000000
0,2,12,1,67.296692,2000.000000,2000.000000,0.050000,0,0.000000
0,1,12,1,67.296725,2000.000000,2000.000000,0.050000,0,0.000000
