Scheme,Process number,Number of processes,Number of threads,Time per process,DeltaX,DeltaY,DeltaT,s,r_threshold
0,9,10,10,217.583963,2000.000000,2000.000000,0.050000,0,0.000000
0,0,10,10,217.588228,2000.000000,2000.000000,0.050000,0,0.000000
0,8,10,10,217.588129,2000.000000,2000.000000,0.050000,0,0.000000
0,7,10,10,217.591134,2000.000000,2000.000000,0.050000,0,0.000000
0,1,10,10,217.592396,2000.000000,2000.000000,0.050000,0,0.000000
0,2,10,10,217.594248,2000.000000,2000.000000,0.050000,0,0.000000
0,6,10,10,217.595653,2000.000000,2000.000000,0.050000,0,0.000000
0,3,10,10,217.597121,2000.000000,2000.000000,0.050000,0,0.000000
0,5,10,10,217.598135,2000.000000,2000.000000,0.050000,0,0.000000
0,4,10,10,217.598971,2000.000000,2000.000000,0.050000,0,0.000000
