Scheme,Process number,Number of processes,Number of threads,Time per process,DeltaX,DeltaY,DeltaT,s,r_threshold
0,0,14,10,202.130881,2000.000000,2000.000000,0.050000,0,0.000000
0,1,14,10,202.132554,2000.000000,2000.000000,0.050000,0,0.000000
0,2,14,10,202.135005,2000.000000,2000.000000,0.050000,0,0.000000
0,3,14,10,202.135590,2000.000000,2000.000000,0.050000,0,0.000000
0,13,14,10,202.136567,2000.000000,2000.000000,0.050000,0,0.000000
0,4,14,10,202.137816,2000.000000,2000.000000,0.050000,0,0.000000
0,12,14,10,202.140041,2000.000000,2000.000000,0.050000,0,0.000000
0,5,14,10,202.139763,2000.000000,2000.000000,0.050000,0,0.000000
0,6,14,10,202.142165,2000.000000,2000.000000,0.050000,0,0.000000
0,11,14,10,202.143338,2000.000000,2000.000000,0.050000,0,0.000000
0,7,14,10,202.145604,2000.000000,2000.000000,0.050000,0,0.000000
0,10,14,10,202.147226,2000.000000,2000.000000,0.050000,0,0.000000
0,8,14,10,202.147968,2000.000000,2000.000000,0.050000,0,0.000000
0,9,14,10,202.149428,2000.000000,2000.000000,0.050000,0,0.000000
