Scheme,Process number,Number of processes,Number of threads,Time per process,DeltaX,DeltaY,DeltaT,s,r_threshold
0,12,16,1,19.266568,2000.000000,2000.000000,0.050000,0,0.000000
0,13,16,1,19.266198,2000.000000,2000.000000,0.050000,0,0.000000
0,14,16,1,19.266496,2000.000000,2000.000000,0.050000,0,0.000000
0,15,16,1,19.266565,2000.000000,2000.000000,0.050000,0,0.000000
0,0,16,1,19.266760,2000.000000,2000.000000,0.050000,0,0.000000
0,11,16,1,19.266749,2000.000000,2000.000000,0.050000,0,0.000000
0,9,16,1,19.266879,2000.000000,2000.000000,0.050000,0,0.000000
0,10,16,1,19.266791,2000.000000,2000.000000,0.050000,0,0.000000
0,1,16,1,19.266909,2000.000000,2000.000000,0.050000,0,0.000000
0,8,16,1,19.266684,2000.000000,2000.000000,0.050000,0,0.000000
0,2,16,1,19.267103,2000.000000,2000.000000,0.050000,0,0.000000
0,3,16,1,19.267025,2000.000000,2000.000000,0.050000,0,0.000000
0,4,16,1,19.267035,2000.000000,2000.000000,0.050000,0,0.000000
0,5,16,1,19.267132,2000.000000,2000.000000,0.050000,0,0.000000
0,6,16,1,19.267123,2000.000000,2000.000000,0.050000,0,0.000000
0,7,16,1,19.266852,2000.000000,2000.000000,0.050000,0,0.000000
