Scheme,Process number,Number of processes,Number of threads,Time per process,DeltaX,DeltaY,DeltaT,s,r_threshold
0,0,12,1,33.477386,2000.000000,2000.000000,0.050000,0,0.000000
0,1,12,1,33.477763,2000.000000,2000.000000,0.050000,0,0.000000
0,10,12,1,33.477846,2000.000000,2000.000000,0.050000,0,0.000000
0,11,12,1,33.477519,2000.000000,2000.000000,0.050000,0,0.000000
0,2,12,1,33.478008,2000.000000,2000.000000,0.050000,0,0.000000
0,8,12,1,33.477914,2000.000000,2000.000000,0.050000,0,0.000000
0,9,12,1,33.477749,2000.000000,2000.000000,0.050000,0,0.000000
0,6,12,1,33.478036,2000.000000,2000.000000,0.050000,0,0.000000
0,7,12,1,33.477930,2000.000000,2000.000000,0.050000,0,0.000000
0,3,12,1,33.478050,2000.000000,2000.000000,0.050000,0,0.000000
0,4,12,1,33.478094,2000.000000,2000.000000,0.050000,0,0.000000
0,5,12,1,33.478064,2000.000000,2000.000000,0.050000,0,0.000000
