Scheme,Process number,Number of processes,Number of threads,Time per process,DeltaX,DeltaY,DeltaT,s,r_threshold
0,15,16,1,50.750491,2000.000000,2000.000000,0.050000,0,0.000000
0,13,16,1,50.750362,2000.000000,2000.000000,0.050000,0,0.000000
0,14,16,1,50.750723,2000.000000,2000.000000,0.050000,0,0.000000
0,12,16,1,50.750733,2000.000000,2000.000000,0.050000,0,0.000000
0,11,16,1,50.750895,2000.000000,2000.000000,0.050000,0,0.000000
0,10,16,1,50.751557,2000.000000,2000.000000,0.050000,0,0.000000
0,9,16,1,50.751340,2000.000000,2000.000000,0.050000,0,0.000000
0,8,16,1,50.751680,2000.000000,2000.000000,0.050000,0,0.000000
0,7,16,1,50.752253,2000.000000,2000.000000,0.050000,0,0.000000
0,6,16,1,50.752552,2000.000000,2000.000000,0.050000,0,0.000000
0,5,16,1,50.752707,2000.000000,2000.000000,0.050000,0,0.000000
0,0,16,1,50.753719,2000.000000,2000.000000,0.050000,0,0.000000
0,1,16,1,50.753664,2000.000000,2000.000000,0.050000,0,0.000000
0,2,16,1,50.753644,2000.000000,2000.000000,0.050000,0,0.000000
0,4,16,1,50.753233,2000.000000,2000.000000,0.050000,0,0.000000
0,3,16,1,50.753507,2000.000000,2000.000000,0.050000,0,0.000000
