Scheme,Process number,Number of processes,Number of threads,Time per process,DeltaX,DeltaY,DeltaT,s,r_threshold
0,0,10,16,50.984152,2000.000000,2000.000000,0.050000,0,0.000000
0,1,10,16,50.984571,2000.000000,2000.000000,0.050000,0,0.000000
0,2,10,16,50.985314,2000.000000,2000.000000,0.050000,0,0.000000
0,9,10,16,50.985585,2000.000000,2000.000000,0.050000,0,0.000000
0,8,10,16,50.985946,2000.000000,2000.000000,0.050000,0,0.000000
0,7,10,16,50.994105,2000.000000,2000.000000,0.050000,0,0.000000
0,3,10,16,50.994192,2000.000000,2000.000000,0.050000,0,0.000000
0,6,10,16,50.994335,2000.000000,2000.000000,0.050000,0,0.000000
0,4,10,16,50.994462,2000.000000,2000.000000,0.050000,0,0.000000
0,5,10,16,50.994413,2000.000000,2000.000000,0.050000,0,0.000000
