Scheme,Process number,Number of processes,Number of threads,Time per process,DeltaX,DeltaY,DeltaT,s,r_threshold
0,0,14,16,39.925121,2000.000000,2000.000000,0.050000,0,0.000000
0,1,14,16,39.925342,2000.000000,2000.000000,0.050000,0,0.000000
0,2,14,16,39.925848,2000.000000,2000.000000,0.050000,0,0.000000
0,13,14,16,39.925637,2000.000000,2000.000000,0.050000,0,0.000000
0,12,14,16,39.925969,2000.000000,2000.000000,0.050000,0,0.000000
0,11,14,16,39.925887,2000.000000,2000.000000,0.050000,0,0.000000
0,10,14,16,39.926162,2000.000000,2000.000000,0.050000,0,0.000000
0,3,14,16,39.926194,2000.000000,2000.000000,0.050000,0,0.000000
0,8,14,16,39.926494,2000.000000,2000.000000,0.050000,0,0.000000
0,7,14,16,39.926239,2000.000000,2000.000000,0.050000,0,0.000000
0,6,14,16,39.926503,2000.000000,2000.000000,0.050000,0,0.000000
0,4,14,16,39.926720,2000.000000,2000.000000,0.050000,0,0.000000
0,5,14,16,39.926608,2000.000000,2000.000000,0.050000,0,0.000000
0,9,14,16,39.926268,2000.000000,2000.000000,0.050000,0,0.000000
