Scheme,Process number,Number of processes,Number of threads,Time per process,DeltaX,DeltaY,DeltaT,s,r_threshold
0,0,10,14,51.981526,2000.000000,2000.000000,0.050000,0,0.000000
0,1,10,14,51.981873,2000.000000,2000.000000,0.050000,0,0.000000
0,2,10,14,51.982595,2000.000000,2000.000000,0.050000,0,0.000000
0,3,10,14,51.982632,2000.000000,2000.000000,0.050000,0,0.000000
0,4,10,14,51.982856,2000.000000,2000.000000,0.050000,0,0.000000
0,7,10,14,51.982669,2000.000000,2000.000000,0.050000,0,0.000000
0,6,10,14,51.982856,2000.000000,2000.000000,0.050000,0,0.000000
0,5,10,14,51.982778,2000.000000,2000.000000,0.050000,0,0.000000
0,9,10,14,51.982846,2000.000000,2000.000000,0.050000,0,0.000000
0,8,10,14,51.983112,2000.000000,2000.000000,0.050000,0,0.000000
