Scheme,Process number,Number of processes,Number of threads,Time per process,DeltaX,DeltaY,DeltaT,s,r_threshold
0,0,14,4,23.908837,2000.000000,2000.000000,0.050000,0,0.000000
0,1,14,4,23.909241,2000.000000,2000.000000,0.050000,0,0.000000
0,2,14,4,23.909381,2000.000000,2000.000000,0.050000,0,0.000000
0,3,14,4,23.909550,2000.000000,2000.000000,0.050000,0,0.000000
0,4,14,4,23.909607,2000.000000,2000.000000,0.050000,0,0.000000
0,5,14,4,23.909759,2000.000000,2000.000000,0.050000,0,0.000000
0,6,14,4,23.909741,2000.000000,2000.000000,0.050000,0,0.000000
0,10,14,4,23.909898,2000.000000,2000.000000,0.050000,0,0.000000
0,7,14,4,23.909865,2000.000000,2000.000000,0.050000,0,0.000000
0,8,14,4,23.909849,2000.000000,2000.000000,0.050000,0,0.000000
0,9,14,4,23.909921,2000.000000,2000.000000,0.050000,0,0.000000
0,11,14,4,23.910059,2000.000000,2000.000000,0.050000,0,0.000000
0,12,14,4,23.909829,2000.000000,2000.000000,0.050000,0,0.000000
0,13,14,4,23.910095,2000.000000,2000.000000,0.050000,0,0.000000
