Scheme,Process number,Number of processes,Number of threads,Time per process,DeltaX,DeltaY,DeltaT,s,r_threshold
0,13,14,14,157.093690,2000.000000,2000.000000,0.050000,0,0.000000
0,12,14,14,157.096564,2000.000000,2000.000000,0.050000,0,0.000000
0,11,14,14,157.099046,2000.000000,2000.000000,0.050000,0,0.000000
0,10,14,14,157.101766,2000.000000,2000.000000,0.050000,0,0.000000
0,0,14,14,157.104776,2000.000000,2000.000000,0.050000,0,0.000000
0,9,14,14,157.104310,2000.000000,2000.000000,0.050000,0,0.000000
0,8,14,14,157.106963,2000.000000,2000.000000,0.050000,0,0.000000
0,1,14,14,157.107608,2000.000000,2000.000000,0.050000,0,0.000000
0,7,14,14,157.109355,2000.000000,2000.000000,0.050000,0,0.000000
0,2,14,14,157.110609,2000.000000,2000.000000,0.050000,0,0.000000
0,6,14,14,157.111991,2000.000000,2000.000000,0.050000,0,0.000000
0,3,14,14,157.113466,2000.000000,2000.000000,0.050000,0,0.000000
0,5,14,14,157.114456,2000.000000,2000.000000,0.050000,0,0.000000
0,4,14,14,157.116469,2000.000000,2000.000000,0.050000,0,0.000000
