Scheme,Process number,Number of processes,Number of threads,Time per process,DeltaX,DeltaY,DeltaT,s,r_threshold
0,0,12,1,31.411283,2000.000000,2000.000000,0.050000,0,0.000000
0,1,12,1,31.411687,2000.000000,2000.000000,0.050000,0,0.000000
0,10,12,1,31.411404,2000.000000,2000.000000,0.050000,0,0.000000
0,11,12,1,31.411586,2000.000000,2000.000000,0.050000,0,0.000000
0,8,12,1,31.411724,2000.000000,2000.000000,0.050000,0,0.000000
0,9,12,1,31.411737,2000.000000,2000.000000,0.050000,0,0.000000
0,7,12,1,31.411838,2000.000000,2000.000000,0.050000,0,0.000000
0,4,12,1,31.412012,2000.000000,2000.000000,0.050000,0,0.000000
0,5,12,1,31.411962,2000.000000,2000.000000,0.050000,0,0.000000
0,6,12,1,31.411904,2000.000000,2000.000000,0.050000,0,0.000000
0,2,12,1,31.411910,2000.000000,2000.000000,0.050000,0,0.000000
0,3,12,1,31.411946,2000.000000,2000.000000,0.050000,0,0.000000
