Scheme,Process number,Number of processes,Number of threads,Time per process,DeltaX,DeltaY,DeltaT,s,r_threshold
0,0,10,1,79.500126,2000.000000,2000.000000,0.050000,0,0.000000
0,1,10,1,79.500550,2000.000000,2000.000000,0.050000,0,0.000000
0,2,10,1,79.501107,2000.000000,2000.000000,0.050000,0,0.000000
0,3,10,1,79.501732,2000.000000,2000.000000,0.050000,0,0.000000
0,4,10,1,79.502168,2000.000000,2000.000000,0.050000,0,0.000000
0,5,10,1,79.502345,2000.000000,2000.000000,0.050000,0,0.000000
0,9,10,1,79.502213,2000.000000,2000.000000,0.050000,0,0.000000
0,6,10,1,79.502432,2000.000000,2000.000000,0.050000,0,0.000000
0,7,10,1,79.502435,2000.000000,2000.000000,0.050000,0,0.000000
0,8,10,1,79.502434,2000.000000,2000.000000,0.050000,0,0.000000
