Scheme,Process number,Number of processes,Number of threads,Time per process,DeltaX,DeltaY,DeltaT,s,r_threshold
0,0,16,16,34.829237,2000.000000,2000.000000,0.050000,0,0.000000
0,1,16,16,34.829499,2000.000000,2000.000000,0.050000,0,0.000000
0,15,16,16,34.829381,2000.000000,2000.000000,0.050000,0,0.000000
0,14,16,16,34.829699,2000.000000,2000.000000,0.050000,0,0.000000
0,2,16,16,34.830044,2000.000000,2000.000000,0.050000,0,0.000000
0,3,16,16,34.830343,2000.000000,2000.000000,0.050000,0,0.000000
0,4,16,16,34.831058,2000.000000,2000.000000,0.050000,0,0.000000
0,8,16,16,34.835317,2000.000000,2000.000000,0.050000,0,0.000000
0,13,16,16,34.834980,2000.000000,2000.000000,0.050000,0,0.000000
0,7,16,16,34.834925,2000.000000,2000.000000,0.050000,0,0.000000
0,5,16,16,34.835075,2000.000000,2000.000000,0.050000,0,0.000000
0,6,16,16,34.835145,2000.000000,2000.000000,0.050000,0,0.000000
0,9,16,16,34.835178,2000.000000,2000.000000,0.050000,0,0.000000
0,12,16,16,34.835245,2000.000000,2000.000000,0.050000,0,0.000000
0,10,16,16,34.835231,2000.000000,2000.000000,0.050000,0,0.000000
0,11,16,16,34.835020,2000.000000,2000.000000,0.050000,0,0.000000
