Scheme,Process number,Number of processes,Number of threads,Time per process,DeltaX,DeltaY,DeltaT,s,r_threshold
0,15,16,8,216.955131,2000.000000,2000.000000,0.050000,0,0.000000
0,14,16,8,216.959144,2000.000000,2000.000000,0.050000,0,0.000000
0,13,16,8,216.962404,2000.000000,2000.000000,0.050000,0,0.000000
0,12,16,8,216.966592,2000.000000,2000.000000,0.050000,0,0.000000
0,11,16,8,216.968335,2000.000000,2000.000000,0.050000,0,0.000000
0,10,16,8,216.969400,2000.000000,2000.000000,0.050000,0,0.000000
0,9,16,8,216.971338,2000.000000,2000.000000,0.050000,0,0.000000
0,8,16,8,216.975553,2000.000000,2000.000000,0.050000,0,0.000000
0,7,16,8,216.978364,2000.000000,2000.000000,0.050000,0,0.000000
0,6,16,8,216.981809,2000.000000,2000.000000,0.050000,0,0.000000
0,0,16,8,216.982651,2000.000000,2000.000000,0.050000,0,0.000000
0,5,16,8,216.982621,2000.000000,2000.000000,0.050000,0,0.000000
0,1,16,8,216.984373,2000.000000,2000.000000,0.050000,0,0.000000
0,4,16,8,216.984659,2000.000000,2000.000000,0.050000,0,0.000000
0,3,16,8,216.985957,2000.000000,2000.000000,0.050000,0,0.000000
0,2,16,8,216.988658,2000.000000,2000.000000,0.050000,0,0.000000
