Scheme,Process number,Number of processes,Number of threads,Time per process,DeltaX,DeltaY,DeltaT,s,r_threshold
0,11,12,8,161.947362,2000.000000,2000.000000,0.050000,0,0.000000
0,10,12,8,161.949527,2000.000000,2000.000000,0.050000,0,0.000000
0,9,12,8,161.952029,2000.000000,2000.000000,0.050000,0,0.000000
0,8,12,8,161.954219,2000.000000,2000.000000,0.050000,0,0.000000
0,7,12,8,161.956418,2000.000000,2000.000000,0.050000,0,0.000000
0,6,12,8,161.958636,2000.000000,2000.000000,0.050000,0,0.000000
0,5,12,8,161.960852,2000.000000,2000.000000,0.050000,0,0.000000
0,0,12,8,161.961876,2000.000000,2000.000000,0.050000,0,0.000000
0,4,12,8,161.963006,2000.000000,2000.000000,0.050000,0,0.000000
0,1,12,8,161.964343,2000.000000,2000.000000,0.050000,0,0.000000
0,3,12,8,161.965306,2000.000000,2000.000000,0.050000,0,0.000000
0,2,12,8,161.966772,2000.000000,2000.000000,0.050000,0,0.000000
