Scheme,Process number,Number of processes,Number of threads,Time per process,DeltaX,DeltaY,DeltaT,s,r_threshold
0,0,12,10,255.545811,2000.000000,2000.000000,0.050000,0,0.000000
0,1,12,10,255.559670,2000.000000,2000.000000,0.050000,0,0.000000
0,2,12,10,255.565293,2000.000000,2000.000000,0.050000,0,0.000000
0,3,12,10,255.566165,2000.000000,2000.000000,0.050000,0,0.000000
0,4,12,10,255.571415,2000.000000,2000.000000,0.050000,0,0.000000
0,11,12,10,255.572535,2000.000000,2000.000000,0.050000,0,0.000000
0,5,12,10,255.574162,2000.000000,2000.000000,0.050000,0,0.000000
0,6,12,10,255.576098,2000.000000,2000.000000,0.050000,0,0.000000
0,10,12,10,255.577611,2000.000000,2000.000000,0.050000,0,0.000000
0,7,12,10,255.580382,2000.000000,2000.000000,0.050000,0,0.000000
0,9,12,10,255.581802,2000.000000,2000.000000,0.050000,0,0.000000
0,8,12,10,255.585568,2000.000000,2000.000000,0.050000,0,0.000000
