Scheme,Process number,Number of processes,Number of threads,Time per process,DeltaX,DeltaY,DeltaT,s,r_threshold
0,0,16,14,129.377738,2000.000000,2000.000000,0.050000,0,0.000000
0,1,16,14,129.380685,2000.000000,2000.000000,0.050000,0,0.000000
0,15,16,14,129.382267,2000.000000,2000.000000,0.050000,0,0.000000
0,2,16,14,129.383029,2000.000000,2000.000000,0.050000,0,0.000000
0,14,16,14,129.383978,2000.000000,2000.000000,0.050000,0,0.000000
0,3,16,14,129.385597,2000.000000,2000.000000,0.050000,0,0.000000
0,13,16,14,129.386405,2000.000000,2000.000000,0.050000,0,0.000000
0,4,16,14,129.388654,2000.000000,2000.000000,0.050000,0,0.000000
0,12,16,14,129.388894,2000.000000,2000.000000,0.050000,0,0.000000
0,5,16,14,129.390492,2000.000000,2000.000000,0.050000,0,0.000000
0,11,16,14,129.391054,2000.000000,2000.000000,0.050000,0,0.000000
0,6,16,14,129.391264,2000.000000,2000.000000,0.050000,0,0.000000
0,10,16,14,129.393077,2000.000000,2000.000000,0.050000,0,0.000000
0,7,16,14,129.393413,2000.000000,2000.000000,0.050000,0,0.000000
0,9,16,14,129.394305,2000.000000,2000.000000,0.050000,0,0.000000
0,8,16,14,129.396065,2000.000000,2000.000000,0.050000,0,0.000000
