Scheme,Process number,Number of processes,Number of threads,Time per process,DeltaX,DeltaY,DeltaT,s,r_threshold
0,0,12,14,169.966290,2000.000000,2000.000000,0.050000,0,0.000000
0,11,12,14,169.967099,2000.000000,2000.000000,0.050000,0,0.000000
0,1,12,14,169.970265,2000.000000,2000.000000,0.050000,0,0.000000
0,10,12,14,169.970528,2000.000000,2000.000000,0.050000,0,0.000000
0,2,12,14,169.973597,2000.000000,2000.000000,0.050000,0,0.000000
0,9,12,14,169.973770,2000.000000,2000.000000,0.050000,0,0.000000
0,8,12,14,169.977023,2000.000000,2000.000000,0.050000,0,0.000000
0,3,12,14,169.977045,2000.000000,2000.000000,0.050000,0,0.000000
0,7,12,14,169.979399,2000.000000,2000.000000,0.050000,0,0.000000
0,4,12,14,169.980483,2000.000000,2000.000000,0.050000,0,0.000000
0,6,12,14,169.981297,2000.000000,2000.000000,0.050000,0,0.000000
0,5,12,14,169.983511,2000.000000,2000.000000,0.050000,0,0.000000
