Scheme,Process number,Number of processes,Number of threads,Time per process,DeltaX,DeltaY,DeltaT,s,r_threshold
0,0,14,12,158.201329,2000.000000,2000.000000,0.050000,0,0.000000
0,1,14,12,158.203212,2000.000000,2000.000000,0.050000,0,0.000000
0,2,14,12,158.205648,2000.000000,2000.000000,0.050000,0,0.000000
0,3,14,12,158.207856,2000.000000,2000.000000,0.050000,0,0.000000
0,4,14,12,158.210168,2000.000000,2000.000000,0.050000,0,0.000000
0,5,14,12,158.211740,2000.000000,2000.000000,0.050000,0,0.000000
0,6,14,12,158.213744,2000.000000,2000.000000,0.050000,0,0.000000
0,13,14,12,158.213802,2000.000000,2000.000000,0.050000,0,0.000000
0,7,14,12,158.215621,2000.000000,2000.000000,0.050000,0,0.000000
0,12,14,12,158.216008,2000.000000,2000.000000,0.050000,0,0.000000
0,8,14,12,158.217705,2000.000000,2000.000000,0.050000,0,0.000000
0,11,14,12,158.217761,2000.000000,2000.000000,0.050000,0,0.000000
0,10,14,12,158.219368,2000.000000,2000.000000,0.050000,0,0.000000
0,9,14,12,158.219572,2000.000000,2000.000000,0.050000,0,0.000000
