Scheme,Process number,Number of processes,Number of threads,Time per process,DeltaX,DeltaY,DeltaT,s,r_threshold
0,0,14,1,26.369847,2000.000000,2000.000000,0.050000,0,0.000000
0,12,14,1,26.370071,2000.000000,2000.000000,0.050000,0,0.000000
0,13,14,1,26.370177,2000.000000,2000.000000,0.050000,0,0.000000
0,1,14,1,26.370213,2000.000000,2000.000000,0.050000,0,0.000000
0,2,14,1,26.370414,2000.000000,2000.000000,0.050000,0,0.000000
0,10,14,1,26.370400,2000.000000,2000.000000,0.050000,0,0.000000
0,11,14,1,26.370106,2000.000000,2000.000000,0.050000,0,0.000000
0,6,14,1,26.370412,2000.000000,2000.000000,0.050000,0,0.000000
0,7,14,1,26.370348,2000.000000,2000.000000,0.050000,0,0.000000
0,8,14,1,26.370501,2000.000000,2000.000000,0.050000,0,0.000000
0,9,14,1,26.370274,2000.000000,2000.000000,0.050000,0,0.000000
0,3,14,1,26.370282,2000.000000,2000.000000,0.050000,0,0.000000
0,4,14,1,26.370549,2000.000000,2000.000000,0.050000,0,0.000000
0,5,14,1,26.370562,2000.000000,2000.000000,0.050000,0,0.000000
