Scheme,Process number,Number of processes,Number of threads,Time per process,DeltaX,DeltaY,DeltaT,s,r_threshold
0,0,16,12,124.818572,2000.000000,2000.000000,0.050000,0,0.000000
0,1,16,12,124.820281,2000.000000,2000.000000,0.050000,0,0.000000
0,2,16,12,124.822136,2000.000000,2000.000000,0.050000,0,0.000000
0,15,16,12,124.822755,2000.000000,2000.000000,0.050000,0,0.000000
0,3,16,12,124.823909,2000.000000,2000.000000,0.050000,0,0.000000
0,14,16,12,124.824422,2000.000000,2000.000000,0.050000,0,0.000000
0,4,16,12,124.826015,2000.000000,2000.000000,0.050000,0,0.000000
0,13,16,12,124.825917,2000.000000,2000.000000,0.050000,0,0.000000
0,5,16,12,124.827040,2000.000000,2000.000000,0.050000,0,0.000000
0,12,16,12,124.827589,2000.000000,2000.000000,0.050000,0,0.000000
0,11,16,12,124.828500,2000.000000,2000.000000,0.050000,0,0.000000
0,6,16,12,124.828687,2000.000000,2000.000000,0.050000,0,0.000000
0,10,16,12,124.829018,2000.000000,2000.000000,0.050000,0,0.000000
0,7,16,12,124.829952,2000.000000,2000.000000,0.050000,0,0.000000
0,9,16,12,124.830726,2000.000000,2000.000000,0.050000,0,0.000000
0,8,16,12,124.831740,2000.000000,2000.000000,0.050000,0,0.000000
