Scheme,Process number,Number of processes,Number of threads,Time per process,DeltaX,DeltaY,DeltaT,s,r_threshold
0,9,10,8,27.860802,2000.000000,2000.000000,0.050000,0,0.000000
0,8,10,8,27.860935,2000.000000,2000.000000,0.050000,0,0.000000
0,0,10,8,27.861561,2000.000000,2000.000000,0.050000,0,0.000000
0,7,10,8,27.861402,2000.000000,2000.000000,0.050000,0,0.000000
0,6,10,8,27.861427,2000.000000,2000.000000,0.050000,0,0.000000
0,5,10,8,27.861480,2000.000000,2000.000000,0.050000,0,0.000000
0,3,10,8,27.861827,2000.000000,2000.000000,0.050000,0,0.000000
0,4,10,8,27.861748,2000.000000,2000.000000,0.050000,0,0.000000
0,2,10,8,27.861854,2000.000000,2000.000000,0.050000,0,0.000000
0,1,10,8,27.862045,2000.000000,2000.000000,0.050000,0,0.000000
