Scheme,Process number,Number of processes,Number of threads,Time per process,DeltaX,DeltaY,DeltaT,s,r_threshold
0,0,10,4,34.615625,2000.000000,2000.000000,0.050000,0,0.000000
0,1,10,4,34.616064,2000.000000,2000.000000,0.050000,0,0.000000
0,2,10,4,34.616263,2000.000000,2000.000000,0.050000,0,0.000000
0,4,10,4,34.616937,2000.000000,2000.000000,0.050000,0,0.000000
0,3,10,4,34.616702,2000.000000,2000.000000,0.050000,0,0.000000
0,9,10,4,34.617046,2000.000000,2000.000000,0.050000,0,0.000000
0,5,10,4,34.616841,2000.000000,2000.000000,0.050000,0,0.000000
0,7,10,4,34.616827,2000.000000,2000.000000,0.050000,0,0.000000
0,6,10,4,34.617127,2000.000000,2000.000000,0.050000,0,0.000000
0,8,10,4,34.617372,2000.000000,2000.000000,0.050000,0,0.000000
