Scheme,Process number,Number of processes,Number of threads,Time per process,DeltaX,DeltaY,DeltaT,s,r_threshold
0,13,14,2,39.600346,2000.000000,2000.000000,0.050000,0,0.000000
0,12,14,2,39.600633,2000.000000,2000.000000,0.050000,0,0.000000
0,11,14,2,39.600860,2000.000000,2000.000000,0.050000,0,0.000000
0,10,14,2,39.601046,2000.000000,2000.000000,0.050000,0,0.000000
0,8,14,2,39.601203,2000.000000,2000.000000,0.050000,0,0.000000
0,9,14,2,39.601167,2000.000000,2000.000000,0.050000,0,0.000000
0,7,14,2,39.601265,2000.000000,2000.000000,0.050000,0,0.000000
0,6,14,2,39.601526,2000.000000,2000.000000,0.050000,0,0.000000
0,5,14,2,39.601507,2000.000000,2000.000000,0.050000,0,0.000000
0,4,14,2,39.601863,2000.000000,2000.000000,0.050000,0,0.000000
0,0,14,2,39.602508,2000.000000,2000.000000,0.050000,0,0.000000
0,3,14,2,39.602017,2000.000000,2000.000000,0.050000,0,0.000000
0,2,14,2,39.602560,2000.000000,2000.000000,0.050000,0,0.000000
0,1,14,2,39.602735,2000.000000,2000.000000,0.050000,0,0.000000
