Scheme,Process number,Number of processes,Number of threads,Time per process,DeltaX,DeltaY,DeltaT,s,r_threshold
0,0,12,12,197.862365,2000.000000,2000.000000,0.050000,0,0.000000
0,1,12,12,197.864743,2000.000000,2000.000000,0.050000,0,0.000000
0,2,12,12,197.867904,2000.000000,2000.000000,0.050000,0,0.000000
0,3,12,12,197.869351,2000.000000,2000.000000,0.050000,0,0.000000
0,11,12,12,197.870679,2000.000000,2000.000000,0.050000,0,0.000000
0,4,12,12,197.872080,2000.000000,2000.000000,0.050000,0,0.000000
0,10,12,12,197.873303,2000.000000,2000.000000,0.050000,0,0.000000
0,5,12,12,197.873976,2000.000000,2000.000000,0.050000,0,0.000000
0,9,12,12,197.875359,2000.000000,2000.000000,0.050000,0,0.000000
0,6,12,12,197.876568,2000.000000,2000.000000,0.050000,0,0.000000
0,7,12,12,197.876421,2000.000000,2000.000000,0.050000,0,0.000000
0,8,12,12,197.877366,2000.000000,2000.000000,0.050000,0,0.000000
