Scheme,Process number,Number of processes,Number of threads,Time per process,DeltaX,DeltaY,DeltaT,s,r_threshold
0,0,10,12,142.887168,2000.000000,2000.000000,0.050000,0,0.000000
0,1,10,12,142.887642,2000.000000,2000.000000,0.050000,0,0.000000
0,2,10,12,142.888400,2000.000000,2000.000000,0.050000,0,0.000000
0,7,10,12,142.888431,2000.000000,2000.000000,0.050000,0,0.000000
0,3,10,12,142.888542,2000.000000,2000.000000,0.050000,0,0.000000
0,5,10,12,142.888619,2000.000000,2000.000000,0.050000,0,0.000000
0,9,10,12,142.888373,2000.000000,2000.000000,0.050000,0,0.000000
0,6,10,12,142.888622,2000.000000,2000.000000,0.050000,0,0.000000
0,4,10,12,142.888707,2000.000000,2000.000000,0.050000,0,0.000000
0,8,10,12,142.888754,2000.000000,2000.000000,0.050000,0,0.000000
