Scheme,Process number,Number of processes,Number of threads,Time per process,DeltaX,DeltaY,DeltaT,s,r_threshold
0,11,12,2,40.689709,2000.000000,2000.000000,0.050000,0,0.000000
0,10,12,2,40.689930,2000.000000,2000.000000,0.050000,0,0.000000
0,9,12,2,40.690616,2000.000000,2000.000000,0.050000,0,0.000000
0,8,12,2,40.691057,2000.000000,2000.000000,0.050000,0,0.000000
0,7,12,2,40.691013,2000.000000,2000.000000,0.050000,0,0.000000
0,6,12,2,40.691315,2000.000000,2000.000000,0.050000,0,0.000000
0,5,12,2,40.691633,2000.000000,2000.000000,0.050000,0,0.000000
0,4,12,2,40.692098,2000.000000,2000.000000,0.050000,0,0.000000
0,0,12,2,40.692615,2000.000000,2000.000000,0.050000,0,0.000000
0,3,12,2,40.691929,2000.000000,2000.000000,0.050000,0,0.000000
0,2,12,2,40.692317,2000.000000,2000.000000,0.050000,0,0.000000
0,1,12,2,40.692616,2000.000000,2000.000000,0.050000,0,0.000000
