Scheme,Process number,Number of processes,Number of threads,Time per process,DeltaX,DeltaY,DeltaT,s,r_threshold
0,0,14,1,27.792308,2000.000000,2000.000000,0.050000,0,0.000000
0,1,14,1,27.792779,2000.000000,2000.000000,0.050000,0,0.000000
0,13,14,1,27.792453,2000.000000,2000.000000,0.050000,0,0.000000
0,12,14,1,27.792726,2000.000000,2000.000000,0.050000,0,0.000000
0,2,14,1,27.793185,2000.000000,2000.000000,0.050000,0,0.000000
0,11,14,1,27.792623,2000.000000,2000.000000,0.050000,0,0.000000
0,3,14,1,27.793477,2000.000000,2000.000000,0.050000,0,0.000000
0,4,14,1,27.793572,2000.000000,2000.000000,0.050000,0,0.000000
0,10,14,1,27.793121,2000.000000,2000.000000,0.050000,0,0.000000
0,9,14,1,27.793269,2000.000000,2000.000000,0.050000,0,0.000000
0,5,14,1,27.793757,2000.000000,2000.000000,0.050000,0,0.000000
0,8,14,1,27.793482,2000.000000,2000.000000,0.050000,0,0.000000
0,7,14,1,27.793409,2000.000000,2000.000000,0.050000,0,0.000000
0,6,14,1,27.793559,2000.000000,2000.000000,0.050000,0,0.000000
