Scheme,Process number,Number of processes,Number of threads,Time per process,DeltaX,DeltaY,DeltaT,s,r_threshold
0,10,12,4,26.665147,2000.000000,2000.000000,0.050000,0,0.000000
0,11,12,4,26.665048,2000.000000,2000.000000,0.050000,0,0.000000
0,9,12,4,26.665342,2000.000000,2000.000000,0.050000,0,0.000000
0,8,12,4,26.665537,2000.000000,2000.000000,0.050000,0,0.000000
0,6,12,4,26.665701,2000.000000,2000.000000,0.050000,0,0.000000
0,7,12,4,26.665600,2000.000000,2000.000000,0.050000,0,0.000000
0,0,12,4,26.666187,2000.000000,2000.000000,0.050000,0,0.000000
0,5,12,4,26.665917,2000.000000,2000.000000,0.050000,0,0.000000
0,3,12,4,26.666412,2000.000000,2000.000000,0.050000,0,0.000000
0,4,12,4,26.666097,2000.000000,2000.000000,0.050000,0,0.000000
0,2,12,4,26.667172,2000.000000,2000.000000,0.050000,0,0.000000
0,1,12,4,26.667382,2000.000000,2000.000000,0.050000,0,0.000000
