Scheme,Process number,Number of processes,Number of threads,Time per process,DeltaX,DeltaY,DeltaT,s,r_threshold
0,13,14,8,141.971997,2000.000000,2000.000000,0.050000,0,0.000000
0,12,14,8,141.973851,2000.000000,2000.000000,0.050000,0,0.000000
0,11,14,8,141.976131,2000.000000,2000.000000,0.050000,0,0.000000
0,10,14,8,141.978090,2000.000000,2000.000000,0.050000,0,0.000000
0,9,14,8,141.979999,2000.000000,2000.000000,0.050000,0,0.000000
0,8,14,8,141.981865,2000.000000,2000.000000,0.050000,0,0.000000
0,7,14,8,141.983983,2000.000000,2000.000000,0.050000,0,0.000000
0,6,14,8,141.985833,2000.000000,2000.000000,0.050000,0,0.000000
0,5,14,8,141.987577,2000.000000,2000.000000,0.050000,0,0.000000
0,4,14,8,141.989385,2000.000000,2000.000000,0.050000,0,0.000000
0,3,14,8,141.991411,2000.000000,2000.000000,0.050000,0,0.000000
0,0,14,8,141.992951,2000.000000,2000.000000,0.050000,0,0.000000
0,2,14,8,141.993570,2000.000000,2000.000000,0.050000,0,0.000000
0,1,14,8,141.994703,2000.000000,2000.000000,0.050000,0,0.000000
