Scheme,Process number,Number of processes,Number of threads,Time per process,DeltaX,DeltaY,DeltaT,s,r_threshold
0,15,16,2,30.270017,2000.000000,2000.000000,0.050000,0,0.000000
0,14,16,2,30.270372,2000.000000,2000.000000,0.050000,0,0.000000
0,13,16,2,30.270695,2000.000000,2000.000000,0.050000,0,0.000000
0,12,16,2,30.270760,2000.000000,2000.000000,0.050000,0,0.000000
0,11,16,2,30.271300,2000.000000,2000.000000,0.050000,0,0.000000
0,10,16,2,30.271435,2000.000000,2000.000000,0.050000,0,0.000000
0,9,16,2,30.271545,2000.000000,2000.000000,0.050000,0,0.000000
0,8,16,2,30.271000,2000.000000,2000.000000,0.050000,0,0.000000
0,7,16,2,30.271075,2000.000000,2000.000000,0.050000,0,0.000000
0,6,16,2,30.271266,2000.000000,2000.000000,0.050000,0,0.000000
0,5,16,2,30.271605,2000.000000,2000.000000,0.050000,0,0.000000
0,4,16,2,30.272140,2000.000000,2000.000000,0.050000,0,0.000000
0,0,16,2,30.272681,2000.000000,2000.000000,0.050000,0,0.000000
0,3,16,2,30.271953,2000.000000,2000.000000,0.050000,0,0.000000
0,2,16,2,30.272271,2000.000000,2000.000000,0.050000,0,0.000000
0,1,16,2,30.272573,2000.000000,2000.000000,0.050000,0,0.000000
