Scheme,Process number,Number of processes,Number of threads,Time per process,DeltaX,DeltaY,DeltaT,s,r_threshold
0,0,14,1,62.454754,2000.000000,2000.000000,0.050000,0,0.000000
0,13,14,1,62.455073,2000.000000,2000.000000,0.050000,0,0.000000
0,1,14,1,62.455651,2000.000000,2000.000000,0.050000,0,0.000000
0,2,14,1,62.455777,2000.000000,2000.000000,0.050000,0,0.000000
0,3,14,1,62.455358,2000.000000,2000.000000,0.050000,0,0.000000
0,12,14,1,62.455510,2000.000000,2000.000000,0.050000,0,0.000000
0,10,14,1,62.455774,2000.000000,2000.000000,0.050000,0,0.000000
0,7,14,1,62.455929,2000.000000,2000.000000,0.050000,0,0.000000
0,6,14,1,62.456139,2000.000000,2000.000000,0.050000,0,0.000000
0,5,14,1,62.456163,2000.000000,2000.000000,0.050000,0,0.000000
0,11,14,1,62.453771,2000.000000,2000.000000,0.050000,0,0.000000
0,4,14,1,62.456438,2000.000000,2000.000000,0.050000,0,0.000000
0,8,14,1,62.456128,2000.000000,2000.000000,0.050000,0,0.000000
0,9,14,1,62.455974,2000.000000,2000.000000,0.050000,0,0.000000
