Scheme,Process number,Number of processes,Number of threads,Time per process,DeltaX,DeltaY,DeltaT,s,r_threshold
1,2,14,1,39.579413,25000.000000,25000.000000,0.050000,0,0.010000
1,3,14,1,39.579408,25000.000000,25000.000000,0.050000,0,0.010000
1,0,14,1,39.579404,25000.000000,25000.000000,0.050000,0,0.010000
1,1,14,1,39.579405,25000.000000,25000.000000,0.050000,0,0.010000
1,4,14,1,39.579112,25000.000000,25000.000000,0.050000,0,0.010000
1,9,14,1,39.578868,25000.000000,25000.000000,0.050000,0,0.010000
1,12,14,1,39.578882,25000.000000,25000.000000,0.050000,0,0.010000
1,5,14,1,39.579123,25000.000000,25000.000000,0.050000,0,0.010000
1,10,14,1,39.578998,25000.000000,25000.000000,0.050000,0,0.010000
1,13,14,1,39.578930,25000.000000,25000.000000,0.050000,0,0.010000
1,6,14,1,39.579114,25000.000000,25000.000000,0.050000,0,0.010000
1,11,14,1,39.578870,25000.000000,25000.000000,0.050000,0,0.010000
1,7,14,1,39.579113,25000.000000,25000.000000,0.050000,0,0.010000
1,8,14,1,39.579000,25000.000000,25000.000000,0.050000,0,0.010000
