Scheme,Process number,Number of processes,Number of threads,Time per process,DeltaX,DeltaY,DeltaT,s,r_threshold
1,0,16,1,36.505639,25000.000000,25000.000000,0.050000,0,0.010000
1,1,16,1,36.505578,25000.000000,25000.000000,0.050000,0,0.010000
1,2,16,1,36.505560,25000.000000,25000.000000,0.050000,0,0.010000
1,3,16,1,36.505665,25000.000000,25000.000000,0.050000,0,0.010000
1,9,16,1,36.505451,25000.000000,25000.000000,0.050000,0,0.010000
1,4,16,1,36.505514,25000.000000,25000.000000,0.050000,0,0.010000
1,12,16,1,36.505247,25000.000000,25000.000000,0.050000,0,0.010000
1,10,16,1,36.505454,25000.000000,25000.000000,0.050000,0,0.010000
1,5,16,1,36.505517,25000.000000,25000.000000,0.050000,0,0.010000
1,13,16,1,36.505248,25000.000000,25000.000000,0.050000,0,0.010000
1,11,16,1,36.505441,25000.000000,25000.000000,0.050000,0,0.010000
1,6,16,1,36.505462,25000.000000,25000.000000,0.050000,0,0.010000
1,14,16,1,36.505286,25000.000000,25000.000000,0.050000,0,0.010000
1,15,16,1,36.505290,25000.000000,25000.000000,0.050000,0,0.010000
1,8,16,1,36.505440,25000.000000,25000.000000,0.050000,0,0.010000
1,7,16,1,36.505463,25000.000000,25000.000000,0.050000,0,0.010000
