Scheme,Process number,Number of processes,Number of threads,Time per process,DeltaX,DeltaY,DeltaT,s,r_threshold
1,6,14,1,38.975039,25000.000000,25000.000000,0.050000,0,0.010000
1,7,14,1,38.974821,25000.000000,25000.000000,0.050000,0,0.010000
1,8,14,1,38.975047,25000.000000,25000.000000,0.050000,0,0.010000
1,9,14,1,38.974996,25000.000000,25000.000000,0.050000,0,0.010000
1,10,14,1,38.974967,25000.000000,25000.000000,0.050000,0,0.010000
1,11,14,1,38.974832,25000.000000,25000.000000,0.050000,0,0.010000
1,12,14,1,38.974838,25000.000000,25000.000000,0.050000,0,0.010000
1,13,14,1,38.974871,25000.000000,25000.000000,0.050000,0,0.010000
1,0,14,1,38.975081,25000.000000,25000.000000,0.050000,0,0.010000
1,1,14,1,38.974871,25000.000000,25000.000000,0.050000,0,0.010000
1,2,14,1,38.975021,25000.000000,25000.000000,0.050000,0,0.010000
1,3,14,1,38.975064,25000.000000,25000.000000,0.050000,0,0.010000
1,4,14,1,38.974888,25000.000000,25000.000000,0.050000,0,0.010000
1,5,14,1,38.975041,25000.000000,25000.000000,0.050000,0,0.010000
