Scheme,Process number,Number of processes,Number of threads,Time per process,DeltaX,DeltaY,DeltaT,s,r_threshold
1,0,12,1,45.324785,25000.000000,25000.000000,0.050000,0,0.010000
1,1,12,1,45.324777,25000.000000,25000.000000,0.050000,0,0.010000
1,2,12,1,45.324529,25000.000000,25000.000000,0.050000,0,0.010000
1,3,12,1,45.324753,25000.000000,25000.000000,0.050000,0,0.010000
1,4,12,1,45.324710,25000.000000,25000.000000,0.050000,0,0.010000
1,5,12,1,45.324651,25000.000000,25000.000000,0.050000,0,0.010000
1,6,12,1,45.324712,25000.000000,25000.000000,0.050000,0,0.010000
1,7,12,1,45.324515,25000.000000,25000.000000,0.050000,0,0.010000
1,8,12,1,45.324509,25000.000000,25000.000000,0.050000,0,0.010000
1,9,12,1,45.324510,25000.000000,25000.000000,0.050000,0,0.010000
1,10,12,1,45.324494,25000.000000,25000.000000,0.050000,0,0.010000
1,11,12,1,45.324474,25000.000000,25000.000000,0.050000,0,0.010000
