Scheme,Process number,Number of processes,Number of threads,Time per process,DeltaX,DeltaY,DeltaT,s,r_threshold
1,7,10,1,54.310764,25000.000000,25000.000000,0.050000,0,0.010000
1,8,10,1,54.310781,25000.000000,25000.000000,0.050000,0,0.010000
1,9,10,1,54.310586,25000.000000,25000.000000,0.050000,0,0.010000
1,0,10,1,54.310840,25000.000000,25000.000000,0.050000,0,0.010000
1,1,10,1,54.310826,25000.000000,25000.000000,0.050000,0,0.010000
1,2,10,1,54.310581,25000.000000,25000.000000,0.050000,0,0.010000
1,3,10,1,54.310827,25000.000000,25000.000000,0.050000,0,0.010000
1,4,10,1,54.310792,25000.000000,25000.000000,0.050000,0,0.010000
1,5,10,1,54.310623,25000.000000,25000.000000,0.050000,0,0.010000
1,6,10,1,54.310609,25000.000000,25000.000000,0.050000,0,0.010000
