Scheme,Process number,Number of processes,Number of threads,Time per process,DeltaX,DeltaY,DeltaT,s,r_threshold
1,8,16,1,34.144722,25000.000000,25000.000000,0.050000,0,0.010000
1,9,16,1,34.144934,25000.000000,25000.000000,0.050000,0,0.010000
1,10,16,1,34.144589,25000.000000,25000.000000,0.050000,0,0.010000
1,11,16,1,34.144533,25000.000000,25000.000000,0.050000,0,0.010000
1,12,16,1,34.144894,25000.000000,25000.000000,0.050000,0,0.010000
1,13,16,1,34.144879,25000.000000,25000.000000,0.050000,0,0.010000
1,14,16,1,34.144861,25000.000000,25000.000000,0.050000,0,0.010000
1,15,16,1,34.144721,25000.000000,25000.000000,0.050000,0,0.010000
1,0,16,1,34.144957,25000.000000,25000.000000,0.050000,0,0.010000
1,1,16,1,34.144988,25000.000000,25000.000000,0.050000,0,0.010000
1,2,16,1,34.144973,25000.000000,25000.000000,0.050000,0,0.010000
1,3,16,1,34.144966,25000.000000,25000.000000,0.050000,0,0.010000
1,4,16,1,34.144953,25000.000000,25000.000000,0.050000,0,0.010000
1,5,16,1,34.144696,25000.000000,25000.000000,0.050000,0,0.010000
1,6,16,1,34.144956,25000.000000,25000.000000,0.050000,0,0.010000
1,7,16,1,34.144979,25000.000000,25000.000000,0.050000,0,0.010000
