Scheme,Process number,Number of processes,Number of threads,Time per process,DeltaX,DeltaY,DeltaT,s,r_threshold
1,0,14,1,38.838101,25000.000000,25000.000000,0.050000,0,0.010000
1,1,14,1,38.837892,25000.000000,25000.000000,0.050000,0,0.010000
1,2,14,1,38.838065,25000.000000,25000.000000,0.050000,0,0.010000
1,3,14,1,38.838072,25000.000000,25000.000000,0.050000,0,0.010000
1,4,14,1,38.838102,25000.000000,25000.000000,0.050000,0,0.010000
1,5,14,1,38.838064,25000.000000,25000.000000,0.050000,0,0.010000
1,6,14,1,38.837887,25000.000000,25000.000000,0.050000,0,0.010000
1,7,14,1,38.838009,25000.000000,25000.000000,0.050000,0,0.010000
1,8,14,1,38.838044,25000.000000,25000.000000,0.050000,0,0.010000
1,9,14,1,38.837864,25000.000000,25000.000000,0.050000,0,0.010000
1,10,14,1,38.837860,25000.000000,25000.000000,0.050000,0,0.010000
1,11,14,1,38.837897,25000.000000,25000.000000,0.050000,0,0.010000
1,12,14,1,38.837982,25000.000000,25000.000000,0.050000,0,0.010000
1,13,14,1,38.837865,25000.000000,25000.000000,0.050000,0,0.010000
