Scheme,Process number,Number of processes,Number of threads,Time per process,DeltaX,DeltaY,DeltaT,s,r_threshold
1,0,12,1,74.979449,25000.000000,25000.000000,0.050000,0,0.010000
1,1,12,1,74.979444,25000.000000,25000.000000,0.050000,0,0.010000
1,2,12,1,74.979337,25000.000000,25000.000000,0.050000,0,0.010000
1,3,12,1,74.979291,25000.000000,25000.000000,0.050000,0,0.010000
1,6,12,1,74.979131,25000.000000,25000.000000,0.050000,0,0.010000
1,4,12,1,74.979347,25000.000000,25000.000000,0.050000,0,0.010000
1,7,12,1,74.979423,25000.000000,25000.000000,0.050000,0,0.010000
1,5,12,1,74.979348,25000.000000,25000.000000,0.050000,0,0.010000
1,8,12,1,74.979390,25000.000000,25000.000000,0.050000,0,0.010000
1,9,12,1,74.979390,25000.000000,25000.000000,0.050000,0,0.010000
1,10,12,1,74.979409,25000.000000,25000.000000,0.050000,0,0.010000
1,11,12,1,74.979421,25000.000000,25000.000000,0.050000,0,0.010000
