Scheme,Process number,Number of processes,Number of threads,Time per process,DeltaX,DeltaY,DeltaT,s,r_threshold
1,0,10,1,55.158385,25000.000000,25000.000000,0.050000,0,0.010000
1,1,10,1,55.158382,25000.000000,25000.000000,0.050000,0,0.010000
1,5,10,1,55.158257,25000.000000,25000.000000,0.050000,0,0.010000
1,6,10,1,55.158030,25000.000000,25000.000000,0.050000,0,0.010000
1,7,10,1,55.158047,25000.000000,25000.000000,0.050000,0,0.010000
1,2,10,1,55.158256,25000.000000,25000.000000,0.050000,0,0.010000
1,3,10,1,55.158282,25000.000000,25000.000000,0.050000,0,0.010000
1,8,10,1,55.158030,25000.000000,25000.000000,0.050000,0,0.010000
1,4,10,1,55.158013,25000.000000,25000.000000,0.050000,0,0.010000
1,9,10,1,55.158035,25000.000000,25000.000000,0.050000,0,0.010000
