Scheme,Process number,Number of processes,Number of threads,Time per process,DeltaX,DeltaY,DeltaT,s,r_threshold
1,0,10,1,55.243640,25000.000000,25000.000000,0.050000,0,0.010000
1,1,10,1,55.243365,25000.000000,25000.000000,0.050000,0,0.010000
1,2,10,1,55.243597,25000.000000,25000.000000,0.050000,0,0.010000
1,3,10,1,55.243596,25000.000000,25000.000000,0.050000,0,0.010000
1,5,10,1,55.243404,25000.000000,25000.000000,0.050000,0,0.010000
1,8,10,1,55.243360,25000.000000,25000.000000,0.050000,0,0.010000
1,6,10,1,55.243409,25000.000000,25000.000000,0.050000,0,0.010000
1,9,10,1,55.243385,25000.000000,25000.000000,0.050000,0,0.010000
1,7,10,1,55.243438,25000.000000,25000.000000,0.050000,0,0.010000
1,4,10,1,55.243446,25000.000000,25000.000000,0.050000,0,0.010000
