Scheme,Process number,Number of processes,Number of threads,Time per process,DeltaX,DeltaY,DeltaT,s,r_threshold
1,3,16,1,36.404665,25000.000000,25000.000000,0.050000,0,0.010000
1,0,16,1,36.404674,25000.000000,25000.000000,0.050000,0,0.010000
1,1,16,1,36.404684,25000.000000,25000.000000,0.050000,0,0.010000
1,2,16,1,36.404689,25000.000000,25000.000000,0.050000,0,0.010000
1,9,16,1,36.404395,25000.000000,25000.000000,0.050000,0,0.010000
1,6,16,1,36.404458,25000.000000,25000.000000,0.050000,0,0.010000
1,14,16,1,36.404248,25000.000000,25000.000000,0.050000,0,0.010000
1,10,16,1,36.404397,25000.000000,25000.000000,0.050000,0,0.010000
1,7,16,1,36.404483,25000.000000,25000.000000,0.050000,0,0.010000
1,15,16,1,36.404189,25000.000000,25000.000000,0.050000,0,0.010000
1,11,16,1,36.404385,25000.000000,25000.000000,0.050000,0,0.010000
1,4,16,1,36.404456,25000.000000,25000.000000,0.050000,0,0.010000
1,12,16,1,36.403881,25000.000000,25000.000000,0.050000,0,0.010000
1,8,16,1,36.404403,25000.000000,25000.000000,0.050000,0,0.010000
1,5,16,1,36.404485,25000.000000,25000.000000,0.050000,0,0.010000
1,13,16,1,36.404251,25000.000000,25000.000000,0.050000,0,0.010000
