Scheme,Process number,Number of processes,Number of threads,Time per process,DeltaX,DeltaY,DeltaT,s,r_threshold
1,3,12,1,46.152128,25000.000000,25000.000000,0.050000,0,0.010000
1,0,12,1,46.152397,25000.000000,25000.000000,0.050000,0,0.010000
1,1,12,1,46.152090,25000.000000,25000.000000,0.050000,0,0.010000
1,2,12,1,46.152403,25000.000000,25000.000000,0.050000,0,0.010000
1,7,12,1,46.152245,25000.000000,25000.000000,0.050000,0,0.010000
1,8,12,1,46.151875,25000.000000,25000.000000,0.050000,0,0.010000
1,4,12,1,46.152214,25000.000000,25000.000000,0.050000,0,0.010000
1,9,12,1,46.151880,25000.000000,25000.000000,0.050000,0,0.010000
1,5,12,1,46.152207,25000.000000,25000.000000,0.050000,0,0.010000
1,10,12,1,46.151865,25000.000000,25000.000000,0.050000,0,0.010000
1,6,12,1,46.152241,25000.000000,25000.000000,0.050000,0,0.010000
1,11,12,1,46.151865,25000.000000,25000.000000,0.050000,0,0.010000
