Scheme,Process number,Number of processes,Number of threads,Time per process,DeltaX,DeltaY,DeltaT,s,r_threshold
0,9,10,1,172.490967,400.000000,1890.000000,0.050000,1,0.000000
0,8,10,1,172.494200,400.000000,1890.000000,0.050000,1,0.000000
0,7,10,1,172.497045,400.000000,1890.000000,0.050000,1,0.000000
0,6,10,1,172.499823,400.000000,1890.000000,0.050000,1,0.000000
0,1,10,1,172.500641,400.000000,1890.000000,0.050000,1,0.000000
0,0,10,1,172.500879,400.000000,1890.000000,0.050000,1,0.000000
0,2,10,1,172.501287,400.000000,1890.000000,0.050000,1,0.000000
0,4,10,1,172.500940,400.000000,1890.000000,0.050000,1,0.000000
0,3,10,1,172.501300,400.000000,1890.000000,0.050000,1,0.000000
0,5,10,1,172.502537,400.000000,1890.000000,0.050000,1,0.000000
