Scheme,Process number,Number of processes,Number of threads,Time per process,DeltaX,DeltaY,DeltaT,s,r_threshold
0,9,10,1,171.720789,400.000000,1890.000000,0.050000,1,0.000000
0,7,10,1,171.721108,400.000000,1890.000000,0.050000,1,0.000000
0,0,10,1,171.721886,400.000000,1890.000000,0.050000,1,0.000000
0,3,10,1,171.721907,400.000000,1890.000000,0.050000,1,0.000000
0,6,10,1,171.720931,400.000000,1890.000000,0.050000,1,0.000000
0,8,10,1,171.720860,400.000000,1890.000000,0.050000,1,0.000000
0,2,10,1,171.721991,400.000000,1890.000000,0.050000,1,0.000000
0,5,10,1,171.721129,400.000000,1890.000000,0.050000,1,0.000000
0,4,10,1,171.721539,400.000000,1890.000000,0.050000,1,0.000000
0,1,10,1,171.722447,400.000000,1890.000000,0.050000,1,0.000000
