Scheme,Process number,Number of processes,Number of threads,Time per process,DeltaX,DeltaY,DeltaT,s,r_threshold
0,15,16,1,175.376409,250.000000,1890.000000,0.050000,1,0.000000
0,14,16,1,175.377486,250.000000,1890.000000,0.050000,1,0.000000
0,13,16,1,175.377887,250.000000,1890.000000,0.050000,1,0.000000
0,12,16,1,175.378309,250.000000,1890.000000,0.050000,1,0.000000
0,11,16,1,175.378507,250.000000,1890.000000,0.050000,1,0.000000
0,10,16,1,175.378780,250.000000,1890.000000,0.050000,1,0.000000
0,9,16,1,175.379498,250.000000,1890.000000,0.050000,1,0.000000
0,8,16,1,175.379678,250.000000,1890.000000,0.050000,1,0.000000
0,7,16,1,175.380193,250.000000,1890.000000,0.050000,1,0.000000
0,6,16,1,175.380903,250.000000,1890.000000,0.050000,1,0.000000
0,5,16,1,175.381395,250.000000,1890.000000,0.050000,1,0.000000
0,4,16,1,175.381600,250.000000,1890.000000,0.050000,1,0.000000
0,3,16,1,175.381996,250.000000,1890.000000,0.050000,1,0.000000
0,2,16,1,175.382251,250.000000,1890.000000,0.050000,1,0.000000
0,1,16,1,175.382463,250.000000,1890.000000,0.050000,1,0.000000
0,0,16,1,175.382730,250.000000,1890.000000,0.050000,1,0.000000
