Scheme,Process number,Number of processes,Number of threads,Time per process,DeltaX,DeltaY,DeltaT,s,r_threshold
0,9,10,1,170.798262,400.000000,1890.000000,0.050000,1,0.000000
0,8,10,1,170.798635,400.000000,1890.000000,0.050000,1,0.000000
0,7,10,1,170.799054,400.000000,1890.000000,0.050000,1,0.000000
0,5,10,1,170.799761,400.000000,1890.000000,0.050000,1,0.000000
0,6,10,1,170.799568,400.000000,1890.000000,0.050000,1,0.000000
0,4,10,1,170.800184,400.000000,1890.000000,0.050000,1,0.000000
0,3,10,1,170.800510,400.000000,1890.000000,0.050000,1,0.000000
0,2,10,1,170.800689,400.000000,1890.000000,0.050000,1,0.000000
0,1,10,1,170.800798,400.000000,1890.000000,0.050000,1,0.000000
0,0,10,1,170.801121,400.000000,1890.000000,0.050000,1,0.000000
