Scheme,Process number,Number of processes,Number of threads,Time per process,DeltaX,DeltaY,DeltaT,s,r_threshold
0,11,12,1,174.131120,333.000000,1890.000000,0.050000,1,0.000000
0,10,12,1,174.131284,333.000000,1890.000000,0.050000,1,0.000000
0,9,12,1,174.131710,333.000000,1890.000000,0.050000,1,0.000000
0,8,12,1,174.132248,333.000000,1890.000000,0.050000,1,0.000000
0,7,12,1,174.132337,333.000000,1890.000000,0.050000,1,0.000000
0,6,12,1,174.132687,333.000000,1890.000000,0.050000,1,0.000000
0,5,12,1,174.133125,333.000000,1890.000000,0.050000,1,0.000000
0,4,12,1,174.133391,333.000000,1890.000000,0.050000,1,0.000000
0,3,12,1,174.133796,333.000000,1890.000000,0.050000,1,0.000000
0,2,12,1,174.134187,333.000000,1890.000000,0.050000,1,0.000000
0,1,12,1,174.134679,333.000000,1890.000000,0.050000,1,0.000000
0,0,12,1,174.134760,333.000000,1890.000000,0.050000,1,0.000000
