Scheme,Process number,Number of processes,Number of threads,Time per process,DeltaX,DeltaY,DeltaT,s,r_threshold
0,2,16,1,141.563994,250.000000,1890.000000,0.050000,1,0.000000
0,3,16,1,141.564159,250.000000,1890.000000,0.050000,1,0.000000
0,0,16,1,141.564554,250.000000,1890.000000,0.050000,1,0.000000
0,1,16,1,141.564454,250.000000,1890.000000,0.050000,1,0.000000
0,4,16,1,141.563580,250.000000,1890.000000,0.050000,1,0.000000
0,5,16,1,141.564158,250.000000,1890.000000,0.050000,1,0.000000
0,6,16,1,141.564018,250.000000,1890.000000,0.050000,1,0.000000
0,13,16,1,141.564146,250.000000,1890.000000,0.050000,1,0.000000
0,7,16,1,141.564362,250.000000,1890.000000,0.050000,1,0.000000
0,14,16,1,141.564206,250.000000,1890.000000,0.050000,1,0.000000
0,15,16,1,141.563996,250.000000,1890.000000,0.050000,1,0.000000
0,8,16,1,141.564520,250.000000,1890.000000,0.050000,1,0.000000
0,9,16,1,141.564816,250.000000,1890.000000,0.050000,1,0.000000
0,10,16,1,141.564963,250.000000,1890.000000,0.050000,1,0.000000
0,12,16,1,141.564718,250.000000,1890.000000,0.050000,1,0.000000
0,11,16,1,141.565350,250.000000,1890.000000,0.050000,1,0.000000
