Scheme,Process number,Number of processes,Number of threads,Time per process,DeltaX,DeltaY,DeltaT,s,r_threshold
0,0,16,1,139.828933,250.000000,1890.000000,0.050000,1,0.000000
0,1,16,1,139.829463,250.000000,1890.000000,0.050000,1,0.000000
0,2,16,1,139.829531,250.000000,1890.000000,0.050000,1,0.000000
0,3,16,1,139.830050,250.000000,1890.000000,0.050000,1,0.000000
0,5,16,1,139.829413,250.000000,1890.000000,0.050000,1,0.000000
0,6,16,1,139.829747,250.000000,1890.000000,0.050000,1,0.000000
0,7,16,1,139.829626,250.000000,1890.000000,0.050000,1,0.000000
0,4,16,1,139.829859,250.000000,1890.000000,0.050000,1,0.000000
0,8,16,1,139.829676,250.000000,1890.000000,0.050000,1,0.000000
0,9,16,1,139.830152,250.000000,1890.000000,0.050000,1,0.000000
0,10,16,1,139.830218,250.000000,1890.000000,0.050000,1,0.000000
0,11,16,1,139.830715,250.000000,1890.000000,0.050000,1,0.000000
0,13,16,1,139.831268,250.000000,1890.000000,0.050000,1,0.000000
0,14,16,1,139.831165,250.000000,1890.000000,0.050000,1,0.000000
0,15,16,1,139.831313,250.000000,1890.000000,0.050000,1,0.000000
0,12,16,1,139.831447,250.000000,1890.000000,0.050000,1,0.000000
