Scheme,Process number,Number of processes,Number of threads,Time per process,DeltaX,DeltaY,DeltaT,s,r_threshold
0,1,16,4,190.415796,250.000000,1890.000000,0.050000,1,0.000000
0,2,16,4,190.416867,250.000000,1890.000000,0.050000,1,0.000000
0,3,16,4,190.417565,250.000000,1890.000000,0.050000,1,0.000000
0,4,16,4,190.418800,250.000000,1890.000000,0.050000,1,0.000000
0,5,16,4,190.419763,250.000000,1890.000000,0.050000,1,0.000000
0,6,16,4,190.420825,250.000000,1890.000000,0.050000,1,0.000000
0,7,16,4,190.421830,250.000000,1890.000000,0.050000,1,0.000000
0,8,16,4,190.422859,250.000000,1890.000000,0.050000,1,0.000000
0,9,16,4,190.423800,250.000000,1890.000000,0.050000,1,0.000000
0,10,16,4,190.424814,250.000000,1890.000000,0.050000,1,0.000000
0,11,16,4,190.425808,250.000000,1890.000000,0.050000,1,0.000000
0,12,16,4,190.427002,250.000000,1890.000000,0.050000,1,0.000000
0,13,16,4,190.427925,250.000000,1890.000000,0.050000,1,0.000000
0,14,16,4,190.428864,250.000000,1890.000000,0.050000,1,0.000000
0,15,16,4,190.429707,250.000000,1890.000000,0.050000,1,0.000000
0,0,16,4,191.315294,250.000000,1890.000000,0.050000,1,0.000000
