Scheme,Process number,Number of processes,Number of threads,Time per process,DeltaX,DeltaY,DeltaT,s,r_threshold
0,1,16,4,190.387857,250.000000,1890.000000,0.050000,1,0.000000
0,2,16,4,190.388474,250.000000,1890.000000,0.050000,1,0.000000
0,3,16,4,190.389182,250.000000,1890.000000,0.050000,1,0.000000
0,4,16,4,190.390821,250.000000,1890.000000,0.050000,1,0.000000
0,5,16,4,190.391860,250.000000,1890.000000,0.050000,1,0.000000
0,6,16,4,190.392528,250.000000,1890.000000,0.050000,1,0.000000
0,7,16,4,190.393617,250.000000,1890.000000,0.050000,1,0.000000
0,8,16,4,190.394621,250.000000,1890.000000,0.050000,1,0.000000
0,9,16,4,190.395659,250.000000,1890.000000,0.050000,1,0.000000
0,10,16,4,190.396644,250.000000,1890.000000,0.050000,1,0.000000
0,11,16,4,190.397636,250.000000,1890.000000,0.050000,1,0.000000
0,12,16,4,190.398463,250.000000,1890.000000,0.050000,1,0.000000
0,13,16,4,190.399332,250.000000,1890.000000,0.050000,1,0.000000
0,14,16,4,190.400323,250.000000,1890.000000,0.050000,1,0.000000
0,15,16,4,190.401783,250.000000,1890.000000,0.050000,1,0.000000
0,0,16,4,191.559008,250.000000,1890.000000,0.050000,1,0.000000
