Scheme,Process number,Number of processes,Number of threads,Time per process,DeltaX,DeltaY,DeltaT,s,r_threshold
0,1,16,4,238.781083,250.000000,1890.000000,0.050000,1,0.000000
0,2,16,4,238.782524,250.000000,1890.000000,0.050000,1,0.000000
0,3,16,4,238.783581,250.000000,1890.000000,0.050000,1,0.000000
0,4,16,4,238.784665,250.000000,1890.000000,0.050000,1,0.000000
0,5,16,4,238.785559,250.000000,1890.000000,0.050000,1,0.000000
0,6,16,4,238.786539,250.000000,1890.000000,0.050000,1,0.000000
0,7,16,4,238.787611,250.000000,1890.000000,0.050000,1,0.000000
0,8,16,4,238.788396,250.000000,1890.000000,0.050000,1,0.000000
0,9,16,4,238.789375,250.000000,1890.000000,0.050000,1,0.000000
0,10,16,4,238.790390,250.000000,1890.000000,0.050000,1,0.000000
0,11,16,4,238.791317,250.000000,1890.000000,0.050000,1,0.000000
0,12,16,4,238.792220,250.000000,1890.000000,0.050000,1,0.000000
0,13,16,4,238.793149,250.000000,1890.000000,0.050000,1,0.000000
0,14,16,4,238.794002,250.000000,1890.000000,0.050000,1,0.000000
0,15,16,4,238.794795,250.000000,1890.000000,0.050000,1,0.000000
0,0,16,4,239.667797,250.000000,1890.000000,0.050000,1,0.000000
