Scheme,Process number,Number of processes,Number of threads,Time per process,DeltaX,DeltaY,DeltaT,s,r_threshold
0,1,16,4,117.002150,250.000000,1890.000000,0.050000,1,0.000000
0,2,16,4,117.002996,250.000000,1890.000000,0.050000,1,0.000000
0,3,16,4,117.003666,250.000000,1890.000000,0.050000,1,0.000000
0,4,16,4,117.004754,250.000000,1890.000000,0.050000,1,0.000000
0,5,16,4,117.005904,250.000000,1890.000000,0.050000,1,0.000000
0,6,16,4,117.007027,250.000000,1890.000000,0.050000,1,0.000000
0,7,16,4,117.007932,250.000000,1890.000000,0.050000,1,0.000000
0,8,16,4,117.009074,250.000000,1890.000000,0.050000,1,0.000000
0,9,16,4,117.010052,250.000000,1890.000000,0.050000,1,0.000000
0,10,16,4,117.011265,250.000000,1890.000000,0.050000,1,0.000000
0,11,16,4,117.012438,250.000000,1890.000000,0.050000,1,0.000000
0,12,16,4,117.013437,250.000000,1890.000000,0.050000,1,0.000000
0,13,16,4,117.014660,250.000000,1890.000000,0.050000,1,0.000000
0,14,16,4,117.015636,250.000000,1890.000000,0.050000,1,0.000000
0,15,16,4,117.016517,250.000000,1890.000000,0.050000,1,0.000000
0,0,16,4,117.982852,250.000000,1890.000000,0.050000,1,0.000000
