Scheme,Process number,Number of processes,Number of threads,Time per process,DeltaX,DeltaY,DeltaT,s,r_threshold
0,1,16,4,116.900604,250.000000,1890.000000,0.050000,1,0.000000
0,2,16,4,116.901458,250.000000,1890.000000,0.050000,1,0.000000
0,3,16,4,116.902384,250.000000,1890.000000,0.050000,1,0.000000
0,4,16,4,116.903285,250.000000,1890.000000,0.050000,1,0.000000
0,5,16,4,116.904862,250.000000,1890.000000,0.050000,1,0.000000
0,6,16,4,116.905306,250.000000,1890.000000,0.050000,1,0.000000
0,7,16,4,116.906342,250.000000,1890.000000,0.050000,1,0.000000
0,8,16,4,116.907230,250.000000,1890.000000,0.050000,1,0.000000
0,9,16,4,116.908206,250.000000,1890.000000,0.050000,1,0.000000
0,10,16,4,116.909260,250.000000,1890.000000,0.050000,1,0.000000
0,11,16,4,116.910218,250.000000,1890.000000,0.050000,1,0.000000
0,12,16,4,116.910973,250.000000,1890.000000,0.050000,1,0.000000
0,13,16,4,116.911842,250.000000,1890.000000,0.050000,1,0.000000
0,14,16,4,116.912738,250.000000,1890.000000,0.050000,1,0.000000
0,15,16,4,116.914063,250.000000,1890.000000,0.050000,1,0.000000
0,0,16,4,117.801561,250.000000,1890.000000,0.050000,1,0.000000
