Scheme,Process number,Number of processes,Number of threads,Time per process,DeltaX,DeltaY,DeltaT,s,r_threshold
0,1,16,4,193.848562,250.000000,1890.000000,0.050000,1,0.000000
0,2,16,4,193.849694,250.000000,1890.000000,0.050000,1,0.000000
0,3,16,4,193.850835,250.000000,1890.000000,0.050000,1,0.000000
0,4,16,4,193.851960,250.000000,1890.000000,0.050000,1,0.000000
0,5,16,4,193.852720,250.000000,1890.000000,0.050000,1,0.000000
0,6,16,4,193.854346,250.000000,1890.000000,0.050000,1,0.000000
0,7,16,4,193.855331,250.000000,1890.000000,0.050000,1,0.000000
0,8,16,4,193.856361,250.000000,1890.000000,0.050000,1,0.000000
0,9,16,4,193.856887,250.000000,1890.000000,0.050000,1,0.000000
0,10,16,4,193.857845,250.000000,1890.000000,0.050000,1,0.000000
0,11,16,4,193.858815,250.000000,1890.000000,0.050000,1,0.000000
0,12,16,4,193.859744,250.000000,1890.000000,0.050000,1,0.000000
0,13,16,4,193.860821,250.000000,1890.000000,0.050000,1,0.000000
0,14,16,4,193.861774,250.000000,1890.000000,0.050000,1,0.000000
0,15,16,4,193.862482,250.000000,1890.000000,0.050000,1,0.000000
0,0,16,4,195.144845,250.000000,1890.000000,0.050000,1,0.000000
