Scheme,Process number,Number of processes,Number of threads,Time per process,DeltaX,DeltaY,DeltaT,s,r_threshold
0,0,12,1,30.642161,2000.000000,2000.000000,0.050000,0,0.000000
0,10,12,1,30.642244,2000.000000,2000.000000,0.050000,0,0.000000
0,11,12,1,30.642374,2000.000000,2000.000000,0.050000,0,0.000000
0,1,12,1,30.642632,2000.000000,2000.000000,0.050000,0,0.000000
0,9,12,1,30.642558,2000.000000,2000.000000,0.050000,0,0.000000
0,8,12,1,30.642356,2000.000000,2000.000000,0.050000,0,0.000000
0,3,12,1,30.642497,2000.000000,2000.000000,0.050000,0,0.000000
0,4,12,1,30.642806,2000.000000,2000.000000,0.050000,0,0.000000
0,5,12,1,30.642806,2000.000000,2000.000000,0.050000,0,0.000000
0,6,12,1,30.642783,2000.000000,2000.000000,0.050000,0,0.000000
0,7,12,1,30.642590,2000.000000,2000.000000,0.050000,0,0.000000
0,2,12,1,30.642830,2000.000000,2000.000000,0.050000,0,0.000000
