Scheme,Process number,Number of processes,Number of threads,Time per process,DeltaX,DeltaY,DeltaT,s,r_threshold
0,0,10,1,38.179146,2000.000000,2000.000000,0.050000,0,0.000000
0,1,10,1,38.179398,2000.000000,2000.000000,0.050000,0,0.000000
0,2,10,1,38.179876,2000.000000,2000.000000,0.050000,0,0.000000
0,3,10,1,38.179810,2000.000000,2000.000000,0.050000,0,0.000000
0,4,10,1,38.179852,2000.000000,2000.000000,0.050000,0,0.000000
0,5,10,1,38.179957,2000.000000,2000.000000,0.050000,0,0.000000
0,6,10,1,38.179916,2000.000000,2000.000000,0.050000,0,0.000000
0,7,10,1,38.179989,2000.000000,2000.000000,0.050000,0,0.000000
0,8,10,1,38.179942,2000.000000,2000.000000,0.050000,0,0.000000
0,9,10,1,38.179927,2000.000000,2000.000000,0.050000,0,0.000000
