Scheme,Process number,Number of processes,Number of threads,Time per process,DeltaX,DeltaY,DeltaT,s,r_threshold
0,0,14,1,26.647008,2000.000000,2000.000000,0.050000,0,0.000000
0,13,14,1,26.647443,2000.000000,2000.000000,0.050000,0,0.000000
0,1,14,1,26.647392,2000.000000,2000.000000,0.050000,0,0.000000
0,12,14,1,26.647484,2000.000000,2000.000000,0.050000,0,0.000000
0,11,14,1,26.647421,2000.000000,2000.000000,0.050000,0,0.000000
0,2,14,1,26.647670,2000.000000,2000.000000,0.050000,0,0.000000
0,4,14,1,26.647539,2000.000000,2000.000000,0.050000,0,0.000000
0,7,14,1,26.647724,2000.000000,2000.000000,0.050000,0,0.000000
0,9,14,1,26.647359,2000.000000,2000.000000,0.050000,0,0.000000
0,10,14,1,26.647502,2000.000000,2000.000000,0.050000,0,0.000000
0,3,14,1,26.647781,2000.000000,2000.000000,0.050000,0,0.000000
0,5,14,1,26.647781,2000.000000,2000.000000,0.050000,0,0.000000
0,6,14,1,26.647787,2000.000000,2000.000000,0.050000,0,0.000000
0,8,14,1,26.647652,2000.000000,2000.000000,0.050000,0,0.000000
