Scheme,Process number,Number of processes,Number of threads,Time per process,DeltaX,DeltaY,DeltaT,s,r_threshold
0,0,10,1,30.383092,2000.000000,2000.000000,0.050000,0,0.000000
0,1,10,1,30.383505,2000.000000,2000.000000,0.050000,0,0.000000
0,8,10,1,30.382825,2000.000000,2000.000000,0.050000,0,0.000000
0,9,10,1,30.383574,2000.000000,2000.000000,0.050000,0,0.000000
0,2,10,1,30.383614,2000.000000,2000.000000,0.050000,0,0.000000
0,6,10,1,30.383668,2000.000000,2000.000000,0.050000,0,0.000000
0,3,10,1,30.383705,2000.000000,2000.000000,0.050000,0,0.000000
0,4,10,1,30.383724,2000.000000,2000.000000,0.050000,0,0.000000
0,5,10,1,30.383703,2000.000000,2000.000000,0.050000,0,0.000000
0,7,10,1,30.383686,2000.000000,2000.000000,0.050000,0,0.000000
