Scheme,Process number,Number of processes,Number of threads,Time per process,DeltaX,DeltaY,DeltaT,s,r_threshold
0,0,10,1,37.088641,2000.000000,2000.000000,0.050000,0,0.000000
0,1,10,1,37.089207,2000.000000,2000.000000,0.050000,0,0.000000
0,2,10,1,37.089423,2000.000000,2000.000000,0.050000,0,0.000000
0,3,10,1,37.089444,2000.000000,2000.000000,0.050000,0,0.000000
0,4,10,1,37.089457,2000.000000,2000.000000,0.050000,0,0.000000
0,5,10,1,37.089271,2000.000000,2000.000000,0.050000,0,0.000000
0,6,10,1,37.089457,2000.000000,2000.000000,0.050000,0,0.000000
0,7,10,1,37.089464,2000.000000,2000.000000,0.050000,0,0.000000
0,8,10,1,37.089148,2000.000000,2000.000000,0.050000,0,0.000000
0,9,10,1,37.089527,2000.000000,2000.000000,0.050000,0,0.000000
