Scheme,Process number,Number of processes,Number of threads,Time per process,DeltaX,DeltaY,DeltaT,s,r_threshold
0,11,16,1,23.494702,2000.000000,2000.000000,0.050000,0,0.000000
0,12,16,1,23.494825,2000.000000,2000.000000,0.050000,0,0.000000
0,13,16,1,23.494588,2000.000000,2000.000000,0.050000,0,0.000000
0,14,16,1,23.494697,2000.000000,2000.000000,0.050000,0,0.000000
0,15,16,1,23.494595,2000.000000,2000.000000,0.050000,0,0.000000
0,0,16,1,23.494864,2000.000000,2000.000000,0.050000,0,0.000000
0,1,16,1,23.495042,2000.000000,2000.000000,0.050000,0,0.000000
0,8,16,1,23.495059,2000.000000,2000.000000,0.050000,0,0.000000
0,9,16,1,23.494832,2000.000000,2000.000000,0.050000,0,0.000000
0,10,16,1,23.494841,2000.000000,2000.000000,0.050000,0,0.000000
0,6,16,1,23.495214,2000.000000,2000.000000,0.050000,0,0.000000
0,7,16,1,23.495130,2000.000000,2000.000000,0.050000,0,0.000000
0,2,16,1,23.495346,2000.000000,2000.000000,0.050000,0,0.000000
0,3,16,1,23.495395,2000.000000,2000.000000,0.050000,0,0.000000
0,4,16,1,23.495347,2000.000000,2000.000000,0.050000,0,0.000000
0,5,16,1,23.495286,2000.000000,2000.000000,0.050000,0,0.000000
