Scheme,Process number,Number of processes,Number of threads,Time per process,DeltaX,DeltaY,DeltaT,s,r_threshold
1,8,10,1,55.098710,25000.000000,25000.000000,0.050000,0,1.000000
1,9,10,1,55.098693,25000.000000,25000.000000,0.050000,0,1.000000
1,2,10,1,55.099560,25000.000000,25000.000000,0.050000,0,1.000000
1,1,10,1,55.105551,25000.000000,25000.000000,0.050000,0,1.000000
1,0,10,1,55.113102,25000.000000,25000.000000,0.050000,0,1.000000
1,7,10,1,55.118892,25000.000000,25000.000000,0.050000,0,1.000000
1,3,10,1,55.119220,25000.000000,25000.000000,0.050000,0,1.000000
1,4,10,1,55.119196,25000.000000,25000.000000,0.050000,0,1.000000
1,5,10,1,55.119085,25000.000000,25000.000000,0.050000,0,1.000000
1,6,10,1,55.119003,25000.000000,25000.000000,0.050000,0,1.000000
