Scheme,Process number,Number of processes,Number of threads,Time per process,DeltaX,DeltaY,DeltaT,s,r_threshold
1,12,14,1,57.801321,25000.000000,25000.000000,0.050000,0,1.000000
1,8,14,1,57.804861,25000.000000,25000.000000,0.050000,0,1.000000
1,10,14,1,57.807741,25000.000000,25000.000000,0.050000,0,1.000000
1,5,14,1,57.817589,25000.000000,25000.000000,0.050000,0,1.000000
1,0,14,1,57.832868,25000.000000,25000.000000,0.050000,0,1.000000
1,4,14,1,57.833034,25000.000000,25000.000000,0.050000,0,1.000000
1,9,14,1,57.832741,25000.000000,25000.000000,0.050000,0,1.000000
1,1,14,1,57.833273,25000.000000,25000.000000,0.050000,0,1.000000
1,2,14,1,57.833659,25000.000000,25000.000000,0.050000,0,1.000000
1,11,14,1,57.833609,25000.000000,25000.000000,0.050000,0,1.000000
1,3,14,1,57.834022,25000.000000,25000.000000,0.050000,0,1.000000
1,7,14,1,57.833972,25000.000000,25000.000000,0.050000,0,1.000000
1,13,14,1,57.833724,25000.000000,25000.000000,0.050000,0,1.000000
1,6,14,1,57.834074,25000.000000,25000.000000,0.050000,0,1.000000
