Scheme,Process number,Number of processes,Number of threads,Time per process,DeltaX,DeltaY,DeltaT,s,r_threshold
1,2,12,1,46.374818,25000.000000,25000.000000,0.050000,0,1.000000
1,6,12,1,46.379411,25000.000000,25000.000000,0.050000,0,1.000000
1,8,12,1,46.396337,25000.000000,25000.000000,0.050000,0,1.000000
1,9,12,1,46.397484,25000.000000,25000.000000,0.050000,0,1.000000
1,4,12,1,46.397972,25000.000000,25000.000000,0.050000,0,1.000000
1,1,12,1,46.398287,25000.000000,25000.000000,0.050000,0,1.000000
1,11,12,1,46.398385,25000.000000,25000.000000,0.050000,0,1.000000
1,3,12,1,46.398779,25000.000000,25000.000000,0.050000,0,1.000000
1,7,12,1,46.398486,25000.000000,25000.000000,0.050000,0,1.000000
1,5,12,1,46.398964,25000.000000,25000.000000,0.050000,0,1.000000
1,0,12,1,46.399041,25000.000000,25000.000000,0.050000,0,1.000000
1,10,12,1,46.399147,25000.000000,25000.000000,0.050000,0,1.000000
