Scheme,Process number,Number of processes,Number of threads,Time per process,DeltaX,DeltaY,DeltaT,s,r_threshold
1,0,16,1,35.912088,25000.000000,25000.000000,0.050000,0,1.000000
1,14,16,1,35.916219,25000.000000,25000.000000,0.050000,0,1.000000
1,8,16,1,35.920293,25000.000000,25000.000000,0.050000,0,1.000000
1,9,16,1,35.928905,25000.000000,25000.000000,0.050000,0,1.000000
1,3,16,1,35.933242,25000.000000,25000.000000,0.050000,0,1.000000
1,5,16,1,35.944496,25000.000000,25000.000000,0.050000,0,1.000000
1,6,16,1,35.948906,25000.000000,25000.000000,0.050000,0,1.000000
1,10,16,1,35.949014,25000.000000,25000.000000,0.050000,0,1.000000
1,13,16,1,35.949160,25000.000000,25000.000000,0.050000,0,1.000000
1,15,16,1,35.949144,25000.000000,25000.000000,0.050000,0,1.000000
1,4,16,1,35.949415,25000.000000,25000.000000,0.050000,0,1.000000
1,11,16,1,35.949393,25000.000000,25000.000000,0.050000,0,1.000000
1,7,16,1,35.949647,25000.000000,25000.000000,0.050000,0,1.000000
1,12,16,1,35.949747,25000.000000,25000.000000,0.050000,0,1.000000
1,2,16,1,35.949996,25000.000000,25000.000000,0.050000,0,1.000000
