Scheme,Process number,Number of processes,Number of threads,Time per process,DeltaX,DeltaY,DeltaT,s,r_threshold
1,4,10,1,56.128770,25000.000000,25000.000000,0.050000,0,1.000000
1,8,10,1,56.130874,25000.000000,25000.000000,0.050000,0,1.000000
1,9,10,1,56.130733,25000.000000,25000.000000,0.050000,0,1.000000
1,7,10,1,56.131649,25000.000000,25000.000000,0.050000,0,1.000000
1,5,10,1,56.132503,25000.000000,25000.000000,0.050000,0,1.000000
1,6,10,1,56.133425,25000.000000,25000.000000,0.050000,0,1.000000
1,0,10,1,56.143512,25000.000000,25000.000000,0.050000,0,1.000000
1,1,10,1,56.143365,25000.000000,25000.000000,0.050000,0,1.000000
1,3,10,1,56.143368,25000.000000,25000.000000,0.050000,0,1.000000
1,2,10,1,56.143535,25000.000000,25000.000000,0.050000,0,1.000000
