Scheme,Process number,Number of processes,Number of threads,Time per process,DeltaX,DeltaY,DeltaT,s,r_threshold
1,3,14,1,39.936094,25000.000000,25000.000000,0.050000,0,1.000000
1,2,14,1,39.988298,25000.000000,25000.000000,0.050000,0,1.000000
1,0,14,1,39.990141,25000.000000,25000.000000,0.050000,0,1.000000
1,1,14,1,39.989654,25000.000000,25000.000000,0.050000,0,1.000000
1,5,14,1,40.006286,25000.000000,25000.000000,0.050000,0,1.000000
1,6,14,1,40.007909,25000.000000,25000.000000,0.050000,0,1.000000
1,13,14,1,40.007810,25000.000000,25000.000000,0.050000,0,1.000000
1,7,14,1,40.008088,25000.000000,25000.000000,0.050000,0,1.000000
1,11,14,1,40.008421,25000.000000,25000.000000,0.050000,0,1.000000
1,4,14,1,40.008958,25000.000000,25000.000000,0.050000,0,1.000000
1,8,14,1,40.008975,25000.000000,25000.000000,0.050000,0,1.000000
1,12,14,1,40.008889,25000.000000,25000.000000,0.050000,0,1.000000
1,10,14,1,40.009042,25000.000000,25000.000000,0.050000,0,1.000000
1,9,14,1,40.009193,25000.000000,25000.000000,0.050000,0,1.000000
