Scheme,Process number,Number of processes,Number of threads,Time per process,DeltaX,DeltaY,DeltaT,s,r_threshold
1,8,16,1,55.793109,25000.000000,25000.000000,0.050000,0,1.000000
1,1,16,1,55.796076,25000.000000,25000.000000,0.050000,0,1.000000
1,5,16,1,55.796234,25000.000000,25000.000000,0.050000,0,1.000000
1,6,16,1,55.795844,25000.000000,25000.000000,0.050000,0,1.000000
1,7,16,1,55.799058,25000.000000,25000.000000,0.050000,0,1.000000
1,4,16,1,55.803492,25000.000000,25000.000000,0.050000,0,1.000000
1,3,16,1,55.807121,25000.000000,25000.000000,0.050000,0,1.000000
1,0,16,1,55.807332,25000.000000,25000.000000,0.050000,0,1.000000
1,2,16,1,55.810540,25000.000000,25000.000000,0.050000,0,1.000000
1,9,16,1,55.813942,25000.000000,25000.000000,0.050000,0,1.000000
1,13,16,1,55.813859,25000.000000,25000.000000,0.050000,0,1.000000
1,10,16,1,55.813746,25000.000000,25000.000000,0.050000,0,1.000000
1,12,16,1,55.814028,25000.000000,25000.000000,0.050000,0,1.000000
1,14,16,1,55.814225,25000.000000,25000.000000,0.050000,0,1.000000
1,15,16,1,55.814500,25000.000000,25000.000000,0.050000,0,1.000000
1,11,16,1,55.814627,25000.000000,25000.000000,0.050000,0,1.000000
