Scheme,Process number,Number of processes,Number of threads,Time per process,DeltaX,DeltaY,DeltaT,s,r_threshold
0,11,12,1,173.678895,333.000000,1890.000000,0.050000,1,0.000000
0,10,12,1,173.679371,333.000000,1890.000000,0.050000,1,0.000000
0,9,12,1,173.679606,333.000000,1890.000000,0.050000,1,0.000000
0,8,12,1,173.679821,333.000000,1890.000000,0.050000,1,0.000000
0,7,12,1,173.679959,333.000000,1890.000000,0.050000,1,0.000000
0,3,12,1,173.685583,333.000000,1890.000000,0.050000,1,0.000000
0,4,12,1,173.685585,333.000000,1890.000000,0.050000,1,0.000000
0,5,12,1,173.685554,333.000000,1890.000000,0.050000,1,0.000000
0,2,12,1,173.685782,333.000000,1890.000000,0.050000,1,0.000000
0,6,12,1,173.685733,333.000000,1890.000000,0.050000,1,0.000000
0,0,12,1,173.686356,333.000000,1890.000000,0.050000,1,0.000000
0,1,12,1,173.686311,333.000000,1890.000000,0.050000,1,0.000000
