Scheme,Process number,Number of processes,Number of threads,Time per process,DeltaX,DeltaY,DeltaT,s,r_threshold
0,13,14,1,171.237076,285.000000,1890.000000,0.050000,1,0.000000
0,12,14,1,171.237513,285.000000,1890.000000,0.050000,1,0.000000
0,11,14,1,171.237314,285.000000,1890.000000,0.050000,1,0.000000
0,10,14,1,171.237845,285.000000,1890.000000,0.050000,1,0.000000
0,9,14,1,171.238194,285.000000,1890.000000,0.050000,1,0.000000
0,8,14,1,171.238499,285.000000,1890.000000,0.050000,1,0.000000
0,7,14,1,171.238928,285.000000,1890.000000,0.050000,1,0.000000
0,5,14,1,171.239751,285.000000,1890.000000,0.050000,1,0.000000
0,6,14,1,171.239236,285.000000,1890.000000,0.050000,1,0.000000
0,4,14,1,171.239910,285.000000,1890.000000,0.050000,1,0.000000
0,3,14,1,171.239994,285.000000,1890.000000,0.050000,1,0.000000
0,2,14,1,171.240220,285.000000,1890.000000,0.050000,1,0.000000
0,1,14,1,171.240358,285.000000,1890.000000,0.050000,1,0.000000
0,0,14,1,171.241026,285.000000,1890.000000,0.050000,1,0.000000
