Scheme,Process number,Number of processes,Number of threads,Time per process,DeltaX,DeltaY,DeltaT,s,r_threshold
0,10,12,1,173.299913,333.000000,1890.000000,0.050000,1,0.000000
0,11,12,1,173.299859,333.000000,1890.000000,0.050000,1,0.000000
0,9,12,1,173.300069,333.000000,1890.000000,0.050000,1,0.000000
0,8,12,1,173.300241,333.000000,1890.000000,0.050000,1,0.000000
0,7,12,1,173.300599,333.000000,1890.000000,0.050000,1,0.000000
0,6,12,1,173.301007,333.000000,1890.000000,0.050000,1,0.000000
0,0,12,1,173.301251,333.000000,1890.000000,0.050000,1,0.000000
0,5,12,1,173.301384,333.000000,1890.000000,0.050000,1,0.000000
0,1,12,1,173.301504,333.000000,1890.000000,0.050000,1,0.000000
0,4,12,1,173.301651,333.000000,1890.000000,0.050000,1,0.000000
0,2,12,1,173.301704,333.000000,1890.000000,0.050000,1,0.000000
0,3,12,1,173.301882,333.000000,1890.000000,0.050000,1,0.000000
