Scheme,Process number,Number of processes,Number of threads,Time per process,DeltaX,DeltaY,DeltaT,s,r_threshold
0,13,14,1,171.008237,285.000000,1890.000000,0.050000,1,0.000000
0,12,14,1,171.009472,285.000000,1890.000000,0.050000,1,0.000000
0,11,14,1,171.010125,285.000000,1890.000000,0.050000,1,0.000000
0,10,14,1,171.010437,285.000000,1890.000000,0.050000,1,0.000000
0,9,14,1,171.010773,285.000000,1890.000000,0.050000,1,0.000000
0,8,14,1,171.011284,285.000000,1890.000000,0.050000,1,0.000000
0,6,14,1,171.012137,285.000000,1890.000000,0.050000,1,0.000000
0,7,14,1,171.011655,285.000000,1890.000000,0.050000,1,0.000000
0,5,14,1,171.012398,285.000000,1890.000000,0.050000,1,0.000000
0,4,14,1,171.012566,285.000000,1890.000000,0.050000,1,0.000000
0,3,14,1,171.012681,285.000000,1890.000000,0.050000,1,0.000000
0,0,14,1,171.013033,285.000000,1890.000000,0.050000,1,0.000000
0,2,14,1,171.012950,285.000000,1890.000000,0.050000,1,0.000000
0,1,14,1,171.013886,285.000000,1890.000000,0.050000,1,0.000000
