Scheme,Process number,Number of processes,Number of threads,Time per process,DeltaX,DeltaY,DeltaT,s,r_threshold
0,7,14,1,172.944162,285.000000,1890.000000,0.050000,1,0.000000
0,8,14,1,172.944471,285.000000,1890.000000,0.050000,1,0.000000
0,9,14,1,172.944253,285.000000,1890.000000,0.050000,1,0.000000
0,6,14,1,172.944252,285.000000,1890.000000,0.050000,1,0.000000
0,5,14,1,172.944931,285.000000,1890.000000,0.050000,1,0.000000
0,10,14,1,172.944668,285.000000,1890.000000,0.050000,1,0.000000
0,11,14,1,172.944750,285.000000,1890.000000,0.050000,1,0.000000
0,13,14,1,172.944621,285.000000,1890.000000,0.050000,1,0.000000
0,12,14,1,172.944710,285.000000,1890.000000,0.050000,1,0.000000
0,4,14,1,172.945002,285.000000,1890.000000,0.050000,1,0.000000
0,0,14,1,172.945599,285.000000,1890.000000,0.050000,1,0.000000
0,3,14,1,172.945608,285.000000,1890.000000,0.050000,1,0.000000
0,2,14,1,172.945889,285.000000,1890.000000,0.050000,1,0.000000
0,1,14,1,172.945948,285.000000,1890.000000,0.050000,1,0.000000
